0.000000000000000000e+00
1.256397090715738185e-01
9.549655718041066832e-02
-9.474166721926084722e-02
-5.924791594088724134e-02
-1.445982499568869706e-01
-1.099946363109222530e-01
8.106651026310073005e-02
1.039694532708529962e-01
1.096752941735420067e-01
2.071643132764605932e-01
2.017326244570851468e-01
1.980089428556841558e-01
1.782599859567823575e-01
1.331251715316942100e-02
-4.918183653085312496e-02
1.547911897857318642e-01
2.033189876702312660e-01
1.301614356953025575e-01
1.342487113705239654e-01
2.163130234481929481e-01
2.223455698776574396e-01
2.934621172396054134e-01
1.747502692742053665e-01
1.617815734105046699e-01
2.239564313341343149e-01
1.470653417532220841e-01
1.560535019815499080e-01
3.194797079894856062e-01
2.039136413972446882e-01
2.818785415107061820e-01
3.208983268898907837e-01
2.904799102602911298e-01
2.979032051813371718e-01
3.830385429922649188e-01
3.769571246240585038e-01
2.585321896562084998e-01
3.045680794930626933e-01
3.756629270058575720e-01
2.985098042373659499e-01
3.556694254465038174e-01
4.133192173310279438e-01
3.935269416215340654e-01
2.823459528736309010e-01
2.435948445542625851e-01
2.091538309701342357e-01
2.872365953653441828e-01
2.970972284074750447e-01
3.341094162649929644e-01
3.395026524628101394e-01
3.924595460309324713e-01
3.367866714329557087e-01
2.446508000196550292e-01
2.820423236334419492e-01
2.244620684303204605e-01
2.115427658007903722e-01
2.890769754249838397e-01
1.779811324541724360e-01
3.025464313604671052e-01
2.336425722448726705e-01
2.091016858254199084e-01
2.159209464466838591e-01
1.694194928303180414e-01
6.068927735881744778e-02
2.450607083159531407e-01
2.478732773643510801e-01
1.709695363370055954e-01
2.589095765813790306e-01
2.128345257908506871e-01
1.444686192197261465e-01
1.309258476809683491e-01
1.319255163772201922e-01
2.246325365446951716e-01
3.156438433764803819e-01
2.971830896095080110e-01
2.095894954353277606e-01
1.974192842287637861e-01
2.468652235440715603e-01
2.876960690257650000e-01
1.174513292229212580e-01
2.585147894801785237e-02
-4.912398837099159893e-02
1.320764140686786769e-01
2.125481551136946395e-02
1.132165548386165482e-01
1.429864353738921345e-01
1.649494664001567024e-01
2.331404474879631983e-01
1.386435234158662211e-01
1.790989482395972943e-01
1.929598358386737100e-01
7.527302244927155939e-02
-6.216143866734006977e-03
-1.127756888192528728e-01
2.642014097237710066e-02
1.121442861808290281e-01
5.508625795370464956e-02
-7.625733170227332047e-02
-1.436693598766541624e-01
5.729037460857799857e-02
-1.469921502546460423e-02
-1.087098143802407157e-01
-2.215356931154325096e-02
1.223279417609805242e-01
9.522925153796830966e-02
5.668863865528551982e-02
1.845558725629571351e-01
2.361591977717291957e-01
1.538065865201779792e-01
1.373678035241844009e-01
-2.140573338681287657e-02
1.978343191947967428e-01
2.504522424646976608e-01
1.470847685430377305e-01
2.115277367962438704e-01
1.483737989479549102e-01
6.264039305000154712e-02
9.471988684185489449e-02
7.623745399211456775e-02
7.303865417892295431e-02
1.376598746662281991e-01
1.194699442161476811e-02
3.039847565674605109e-02
-4.841414117900941921e-02
6.701131314697320041e-02
2.957124517642452377e-02
-3.379095164889414984e-03
9.181426396996797759e-03
-3.821597270159088171e-03
3.073872826051876617e-02
5.565722146971990164e-02
-1.140993968334406833e-01
-1.191422325442515889e-01
9.372202419153412289e-02
1.102345392772736549e-01
-2.115379135140174269e-02
1.881792187623962387e-02
-2.088001524421664520e-02
-5.956401143655234293e-02
3.915630763552748611e-02
9.396746408881394286e-02
4.634779692196793616e-02
-8.510608784141002192e-02
3.328871929255130396e-02
6.231042853653718031e-03
-3.362092350967457038e-02
-8.991687646981973148e-02
-4.793721307208785587e-02
7.901449058335290043e-02
1.226212930484257696e-01
9.567768441606283591e-02
1.048149437530733127e-02
2.678928971661446307e-02
-3.551613969239617030e-02
1.615563817331943167e-02
-1.228544664998841990e-01
-8.092743706231864120e-02
6.914734569479001614e-02
-4.532185897966804766e-02
4.055031153748920453e-02
-1.629051924387143191e-01
-1.685684866600719589e-01
1.031746215587062490e-02
7.072978095150125877e-02
8.750820341564655158e-02
-3.458920742569845247e-02
3.168199846325806673e-02
1.366620342826123935e-01
-7.140473097218437426e-02
3.165808610982934895e-02
5.925374837136230394e-02
1.331368196661478730e-02
-1.117163787585879614e-01
-1.672203295484364083e-01
-7.065033662311763496e-02
-3.903938362911140575e-02
-1.798085628379923057e-02
-1.340172106328837154e-01
4.329360215643569820e-02
9.822192524273609324e-03
4.236381951475789304e-02
-2.684540945247065880e-02
-6.507642836468582881e-02
2.793573767250210477e-02
4.707456228631550638e-02
8.657182971324528520e-02
-4.259960395233756969e-02
-6.358178516727726326e-02
2.842920095685463108e-03
5.679684714425223269e-02
3.634052266972266632e-02
-6.460835170342231482e-02
4.240089104552213772e-02
1.409063215418667747e-01
1.446125212079607536e-01
1.735128685913530922e-01
7.742975975874386019e-02
1.484450551161913857e-02
6.098632507999491442e-02
2.225737577401037254e-02
-5.695778107554605452e-02
-7.591056309061759710e-02
-8.389078299200333766e-02
-1.632617008099116473e-01
-7.800393966949489832e-02
-1.112235868693239524e-02
6.232857045040136879e-02
7.273929032225191771e-02
-1.975741424141218630e-02
-9.938131954014182978e-02
-2.003851006320731334e-03
-8.560214311495657757e-02
-3.711189368256304077e-02
7.858251453352918525e-02
1.175789023548512308e-01
-4.294327146477605606e-02
-3.460714928595822609e-02
-2.518706900803514143e-02
9.161896422625066122e-03
-4.335547250166108674e-02
-1.009115766223802335e-01
-5.679269042979457477e-02
-1.458077503612195680e-01
4.409434711500125753e-02
6.086258529657454647e-02
-1.980947369962860263e-02
5.472626869314064363e-02
2.110003649322078623e-02
-7.819821585185323179e-03
-6.833920876977292447e-02
-1.373956172905155260e-01
-5.984280158659403132e-02
9.869262681485885258e-02
9.311497097122402311e-03
8.649072115850196807e-02
5.986620713586399134e-02
-9.725716166935512164e-02
-1.732473987243462465e-01
-1.300159033079910376e-01
-9.764495590489588595e-02
-1.053247314753079228e-01
-1.076637328014757589e-01
-1.157846719670647430e-02
-5.165957240886571294e-02
-2.891392191850816751e-02
1.039823330932813789e-01
-2.006398596149511215e-02
6.027559272914894545e-02
1.401792946596488176e-01
-6.494550283399201651e-02
-1.131808406374731762e-01
-7.472643143917235067e-03
1.116202378359540254e-01
5.821472306533263807e-02
7.048593348362718058e-02
1.227449262231544713e-01
1.620593523919179602e-01
1.361977018177050816e-02
3.354704749545652648e-02
5.571708781922268122e-02
-4.996007289329871398e-02
-1.461390476346718600e-04
4.792559066962324976e-02
-7.011493369204262194e-02
-2.813433445318602732e-01
-1.851772660815162730e-01
-4.072189594868180079e-02
2.662525880230618910e-02
3.059457555318615199e-02
-9.917457642741886459e-02
-5.131432539138280902e-02
-3.000202200194252225e-02
-1.419667060877744802e-01
-2.093114008974058249e-01
-1.607214781622756106e-01
-2.285866969003394825e-02
7.409864374825372857e-02
8.676716684948924951e-02
-2.553003381587514581e-02
-5.582733381831783519e-03
-6.489613228843695014e-02
-1.744479487217820771e-02
-1.605324929482756027e-02
4.366154521367473194e-03
-4.878978695002165328e-02
-2.500293925188594446e-02
1.510791409720612100e-01
-1.688210216970728247e-02
-1.073093514108982155e-01
6.122042119528896265e-02
5.579648518972701171e-02
5.011254383433429854e-02
5.787032265600226127e-02
3.146690289938475216e-02
-1.736573915227364873e-01
-6.056956043216928792e-02
-6.496173986621087137e-02
-1.160728709158592026e-01
-8.300601484443941025e-03
6.732460144149608749e-02
-5.400482247447065121e-02
-1.586663467965608865e-01
-2.649242206280317258e-01
-1.421354894403266955e-01
-1.070155711283953537e-01
-3.176186003069845359e-02
4.007051232749176545e-02
8.440488687973972393e-03
1.062641403726858995e-02
-1.168162520109845282e-01
-1.155747861684853911e-01
-1.643287263244837815e-01
-8.062105413867134973e-02
-9.290274307738499715e-02
-7.937877696915894565e-02
-7.436831966664751714e-02
-5.163996160930206525e-02
-9.254321860988616588e-02
-8.808009455998051795e-02
1.531024750918877873e-02
-9.900494129951340622e-03
8.254719523889356148e-02
-2.612238413745352969e-02
-5.461482453772979057e-02
-7.752734835069792496e-02
1.102511057877495967e-02
-1.991364349862811273e-02
-7.149173513582558759e-02
2.452490615079551840e-03
-1.786621881308991105e-02
2.879341898697761887e-02
1.168844819474808422e-01
7.981160530709098533e-02
-9.103770270247708851e-02
-1.482679024952230085e-01
-1.352877074178930605e-01
6.979716714279210477e-02
1.314129899250363331e-01
-8.716509257047611037e-02
-6.509988240999839415e-02
3.149773444287785190e-02
1.076399993356613460e-01
-1.857159812217390807e-02
7.646771603724193157e-03
-2.455473986378572254e-02
-3.335346830397716705e-02
3.337325673327628389e-02
4.656444360037684249e-02
1.501360942681454966e-02
8.053883248970035436e-02
9.754365925325768349e-02
-1.652370286690282852e-02
-1.472948980095310778e-01
-1.000074131511600461e-01
-8.007700275127864475e-02
2.488894660161788605e-02
5.916403497444665260e-02
-6.387460252415240458e-02
-2.615762767679087261e-02
-9.910590672522466560e-02
-1.485051827882730158e-01
-1.623293200952048154e-01
-8.644768350041599769e-02
4.231301580937738699e-02
-2.458662007287153520e-02
-5.666453233539715806e-02
-2.791993502048879111e-02
-5.904419582919866877e-02
6.096023456973914678e-02
2.800688168193071065e-02
3.235485459271574687e-02
-6.547053045474783561e-02
-7.406183436770920336e-02
7.420869939294452711e-02
8.806792447442601812e-02
1.212599109286343901e-01
-6.067889632701111563e-02
-1.313238287846191787e-01
1.011240148953345408e-01
1.934798870652250924e-01
-3.138894782198655927e-04
-1.119745413027720959e-01
6.488005699150921866e-03
5.354173281912358306e-02
5.779743520774025672e-02
1.053622303870323657e-01
1.215443103140012582e-01
-3.000525940043458767e-02
-1.816657982676898320e-01
-7.677282617610518833e-03
4.099571213248995273e-04
7.550778641427292881e-02
1.505957682242997919e-01
1.869375832482707625e-02
-2.624609798079621109e-02
-1.465835309556750010e-01
-9.166547095367097442e-02
1.532872536951213893e-01
2.308306369645498068e-01
-6.737212288880692606e-04
-1.604962343179138495e-01
-3.752256367876403292e-02
-1.159519184472969089e-01
-9.486683782097631024e-02
-7.929585618081824716e-03
-2.579960214522452056e-01
-2.085690275256036896e-01
-1.060059607689041727e-01
-1.178376262227024823e-01
-6.277248217221001458e-02
6.192922380377756386e-02
4.446988467976033602e-03
3.911251920455278280e-02
1.279489296185608652e-02
5.117546945693013383e-02
1.600942230359080412e-02
2.166411453114910901e-02
1.846856765193257213e-02
-1.278503712398128267e-02
-3.024734387241666614e-02
8.461818398409703956e-03
-9.299871848266785812e-02
-5.738191333591354318e-03
7.279003141827615486e-02
-3.676003718050198377e-02
-9.149119377243807028e-02
-1.312915365325103834e-01
-6.435342961480278179e-02
9.892212199030855913e-02
4.343268089809093624e-02
-8.217527967968824010e-02
-3.243689764190622188e-02
3.860473333972254482e-03
9.706753565026421393e-02
2.338886607926490557e-01
1.012256616465665726e-01
-6.128826404335706995e-02
-1.619796307499168642e-01
-5.673786493908253813e-03
-2.090579859453789088e-02
-1.067771499577679778e-01
-3.234236828138293413e-02
-9.455927647573206252e-02
-6.519372075046796222e-02
-1.372179334940930306e-01
-1.332221025586948493e-01
-5.338048104124906712e-02
2.944033445094636561e-02
-4.556492521181913780e-02
-3.429519834089619218e-02
2.810546478280065777e-02
5.821835646889265969e-02
2.533531670928797219e-02
-1.685420552652166504e-01
-1.003955416693439948e-02
-9.660495930862181280e-02
2.382120172645605174e-02
-1.094437741070702387e-02
6.860930628162727196e-02
6.426792177231464842e-02
-1.443894473673376089e-01
-4.521306107554314002e-02
-7.095022005233726954e-03
-1.002947058608817665e-01
-2.453641984351364810e-02
-2.714372706457946274e-02
1.116655441300823809e-01
1.697269176991629824e-01
-6.411172993920280505e-02
-1.217187022114392114e-01
-3.054844587265104564e-02
-6.171178755684898071e-02
-4.952953243366053915e-02
-9.932798607754783626e-03
-7.838903784376440032e-02
3.133797108630349826e-02
4.760789265094096667e-02
-9.194325227605917861e-02
-3.026202792389124513e-02
9.303779211506843505e-02
2.300829810863480249e-02
-7.314041281733416056e-02
-5.380014377329845471e-02
1.063395960411482426e-02
2.048108532047914210e-01
9.818284103066911295e-02
3.108310683086082729e-02
9.259065850103223583e-02
1.307763814676464742e-01
1.141990964978290696e-02
4.139175519809647208e-02
1.089822352837338700e-02
5.046203167902971187e-02
-1.389813889773755182e-02
3.381252210367928501e-02
7.214562308528681134e-02
6.301878648762312962e-02
-8.133366632515158512e-02
-2.107414059929504230e-02
-4.394201042155111703e-02
-6.961706259546794617e-02
-2.247173971855932761e-02
-1.422621073927996249e-01
-1.669747773443821526e-01
-1.106892620651705739e-01
-2.808664586316426178e-03
6.088784589600281655e-02
2.108059957730468170e-02
5.747057537907639124e-02
9.154477344632547253e-02
1.612577843593112070e-01
6.940514778200713997e-02
-5.739438536127425966e-02
-1.369737990618086036e-02
-7.315331702583480200e-02
-7.437097779482038096e-02
1.377309545360934362e-01
3.573181356448113660e-02
-5.098111292207472417e-02
-4.647573647314397205e-02
-1.267773405810656007e-01
-5.747841868291180684e-02
9.007812647128046746e-02
1.285240648402326824e-01
-2.839476387195407486e-02
-1.686068140855229158e-01
-6.702212586038286402e-02
-3.954940017263137292e-02
-9.920891132529076339e-02
-3.063574460632790056e-02
5.583087421459895228e-02
1.218996688435486017e-02
-6.357924589793674530e-02
-1.554127943035936710e-01
-2.071016061500459970e-01
-6.623262617854877576e-02
8.760510788902249601e-02
-5.342563448196586441e-03
-3.606614779569546764e-02
-1.082208087348658122e-02
-3.937179031588480260e-01
-6.124684029603795210e-01
-9.774449083215575040e-02
1.116358454395214583e-01
8.632229768530778891e-02
9.404613736901688836e-02
5.697796525783430099e-02
-1.315903686206329470e-01
-8.913057222480644248e-02
-4.167121696419984200e-02
-8.134838913879834099e-02
-8.628496014055766355e-03
7.519404176872482304e-02
8.161528740747359123e-02
5.044500224466832994e-02
3.518316597471966151e-02
-1.041333531578583493e-01
-9.810199723537293970e-02
8.421612219908858679e-03
-3.610778710228877003e-02
-1.324339566339632346e-01
1.099125507974791777e-01
-5.451725152343074587e-02
-1.830939320095783529e-01
-1.304013100772161982e-01
2.395426201862432131e-02
5.887589326849372584e-02
3.746299415284812945e-02
1.073736675238694087e-02
-6.737832582087599498e-02
-1.074487395642887144e-01
-6.378340967515304383e-02
-1.595911144035285778e-01
5.569809913566196174e-02
7.356667857832521751e-02
-4.918709990686733445e-03
-2.119298704500657132e-02
-6.464260417132713932e-02
2.115258341495319938e-02
-6.427944919047923200e-02
1.022164160095713342e-01
5.593671026845765254e-02
-5.736991376694217798e-02
2.611050533700544699e-02
-1.569522100601353914e-02
7.206047249168376356e-02
-9.886839082117196420e-02
-1.074875112672375455e-01
-7.028094356016621747e-02
-8.475069075399195573e-02
-1.799987943677899271e-01
-5.564037343213922709e-02
8.371671762018767504e-02
1.752715619510527845e-01
1.695179587500826868e-01
1.527786324337169523e-02
4.609100733190766436e-02
-6.650441212074550967e-02
-5.959134535964508844e-02
2.049499917272986152e-02
-2.203821856820427361e-02
6.640624315670372139e-03
-4.731106017683570780e-02
-1.246365495253573714e-02
-6.797134904454470161e-02
-1.112661750132274002e-01
-5.353400231286092881e-02
9.998494293478410108e-03
4.500940355179287866e-02
1.282655180175554591e-02
4.218454652526951176e-02
1.537952436092746566e-01
8.707425575958654962e-02
-7.651193253436697206e-02
-1.113886993128666569e-01
-5.723273669686974874e-02
-7.235278707976419699e-02
-2.201890767767858414e-01
-1.121590948991240018e-02
4.570819851842905512e-02
-1.745793726465288964e-02
-1.066622091726652372e-01
-8.566814711791990999e-02
4.264587979145606500e-02
1.177742257004011500e-01
9.236681036570577874e-02
7.480000066554511051e-02
8.607521281361944776e-02
-1.453219429985574788e-02
-1.225659499617104270e-01
-1.973544940867294831e-02
4.380024582793080185e-02
-3.094251668209610506e-02
-9.394388531608315052e-02
-6.015418007235889819e-02
4.794590651375850443e-02
1.434660881699585840e-02
-7.462947330883258450e-03
-1.077715896291677605e-01
-2.905145540730293043e-03
6.743998875332915532e-02
-1.352430894757979674e-01
-1.098322285026909761e-01
-3.123229228444745001e-02
-7.683754443712784155e-02
-1.012677310290726052e-01
-9.978383920659834871e-02
2.256770503708512010e-02
6.920670542931222843e-03
-6.820797483431889630e-02
-3.442509069381452253e-03
-4.421176576370606376e-02
2.615636255478520286e-02
-4.413949864388175964e-03
-1.025604274022727386e-01
1.533916959160216628e-02
1.526155843749268243e-02
-7.332517624956453759e-04
-2.038604924609724658e-02
-4.086722879242140477e-02
1.280277819309206533e-01
1.588727933917008506e-01
-1.110166762223885155e-02
7.921032640406799885e-02
-1.140123006439216907e-01
-9.939422298709046921e-02
-1.434085176719026300e-01
5.545599543282294513e-02
5.881840137509787569e-02
6.436907346632617100e-02
4.215378104257345993e-02
-5.770879398542412553e-02
-8.679401352518317792e-02
-6.803969748566679465e-02
6.093381250164730395e-02
9.564975932758869315e-02
-8.488103897602118642e-02
-5.347013809631292330e-02
4.054632823995955523e-03
-4.316719090976615242e-02
4.849261905420205500e-03
8.564157571800033730e-02
1.796552272419411900e-01
1.106919308522751610e-01
7.871100837929938254e-02
-4.400304511990837247e-02
-6.381359781581262547e-02
-5.246621217608011395e-02
-1.501237613306901676e-02
5.171676247624169137e-02
-4.357225605812098390e-02
-4.754150032193555503e-02
3.089357551417417410e-03
1.191884486675896387e-01
4.837942425728063156e-02
2.063140494055131988e-02
4.298634327582050857e-03
-3.919530151910412263e-02
1.078242706163549530e-01
2.517285314174446537e-02
-6.161485204409802158e-02
-1.111454954226740732e-01
5.252849999610312987e-02
3.023799695916512542e-02
4.531421227905310656e-02
5.006726206905175690e-03
-6.692760061152043527e-02
-3.715759098465248184e-02
-7.770306989958852828e-02
6.756117768995973522e-03
3.322682083697921923e-02
-6.612344628230137911e-02
-4.284371837131029787e-02
9.776289654293832121e-02
8.983231770256758231e-02
-6.841350433400719688e-02
6.390798712802120418e-02
6.422569365051995771e-02
5.533666924964202732e-02
4.937077758873707756e-02
-9.282073252603153732e-03
-7.170324783178540738e-03
-4.839247076371842177e-02
-1.582873929416193926e-02
-6.674099854121375019e-02
3.020332617452789470e-02
-8.248170645402377876e-02
-4.973305681839913089e-02
1.125609350592146063e-01
-8.161330224644641751e-02
-3.867967163675991443e-02
2.071959856194753938e-02
5.192737874144595644e-02
7.753203823564940034e-02
-8.456238073907987318e-02
-8.773270772371431769e-02
-4.723213456263354766e-03
-7.645109693194683531e-02
1.270331671746625403e-02
6.039821304724244527e-02
-7.797135789031789388e-02
-7.635607325800893019e-02
-7.353880670398810215e-02
-2.576623011715360734e-02
5.182264820078855833e-02
-6.354532981049326734e-02
-6.975880740754890341e-02
1.722678849505035470e-02
1.522853603692025937e-02
9.365221580415729330e-03
-5.489263054685895871e-02
1.511201200358061048e-01
1.848879381890846108e-01
5.658872154117772224e-02
5.413075126259418723e-02
-1.199632114476469578e-02
-1.489702889650263568e-02
-1.285426766811865185e-01
-7.013436977501417979e-03
-4.974467358053246552e-03
-3.922432141470534595e-02
-8.669147428975165770e-02
-7.081242235146657793e-02
-3.784613560000471381e-03
1.549951907350816636e-02
1.169617958524061564e-02
5.790842128323207133e-02
-9.708778969631103040e-02
-1.645768096251143675e-01
2.544267790822529740e-02
1.562214082295947104e-02
1.429567520277017639e-02
-5.124773980629371978e-02
-1.646646680659949805e-02
9.368463671169155460e-02
3.995812374452709786e-02
-5.095447240646502896e-02
-8.289860082217639621e-04
2.036588955350782104e-02
-3.993051185815035820e-02
1.978807876190222248e-02
1.056489181394672378e-01
-9.497565865609496061e-02
-1.315652847647438839e-01
-6.894003024797894230e-02
-1.214650812146722027e-02
-2.546408528873658067e-02
-2.392215584915321006e-02
-3.491882339505865667e-03
-2.119165884753445861e-01
-1.653197002131847893e-01
1.944358926670639032e-02
-5.343506287394278464e-02
-1.169794442198486273e-01
5.335570307009450397e-02
7.401720706224625135e-02
3.691477789838273210e-02
3.660551247122145052e-02
-1.333698137832602104e-02
-5.799587262389349629e-02
-9.185553702089815920e-02
-1.574376128649163376e-01
-1.919554874553468932e-02
2.796392592210246789e-02
-3.299001018204800705e-03
4.909514430320847944e-02
5.358955957618189575e-02
6.088217340275623585e-03
-4.408214755014906033e-02
1.154201593039288487e-01
-2.437540100282939264e-03
-1.916249187904965068e-01
-2.371325405092447047e-01
-2.116362702580712185e-01
-2.080530358703754426e-02
8.358132846222936230e-02
2.090128045620187613e-01
9.204982639195286032e-02
4.269372402500668656e-02
-4.134015382186909116e-02
-1.570268611311097110e-03
2.822557507997275339e-02
-3.863807045058532258e-02
-3.574941269701015917e-02
-7.400947586530402800e-02
1.023671325009615773e-01
-6.819998548068552380e-02
-9.248329415562143996e-02
-1.555272411086974609e-02
-3.187931936569265295e-02
7.641417446407908209e-02
1.371704585833546375e-01
1.066837698776456067e-01
-4.194287357039386266e-02
-3.853957339997128584e-02
-1.445225614337092290e-01
-3.372882233287523290e-02
4.132782679897060996e-02
8.556812617040487901e-02
7.185329960800207472e-02
-1.217213614231799912e-01
4.036623161500287049e-02
1.220942251675287832e-01
6.105795484778619303e-02
-9.117666696280297967e-02
-1.886517919473389149e-02
-1.073206906217515910e-01
-5.266595924161256853e-02
-4.020369802297264414e-03
-4.585038870630553376e-02
7.646912975472680563e-02
1.205365457537464352e-01
6.202800981567114375e-02
5.218313011245597627e-02
2.752408521798033192e-02
-6.099024692487964305e-02
-3.425664908595104502e-02
-1.537553909172814821e-03
-3.045643254485832022e-02
1.328081310479461985e-01
6.390541150098016931e-02
1.022080516552399893e-03
1.461766053473485989e-02
8.618973100639604201e-02
1.416660428357242318e-01
5.674800061562415565e-02
-7.943647660454844495e-02
-1.655374721758113010e-01
-1.647310722305274644e-01
-6.849599501248974237e-03
6.135186633874901985e-02
3.752400008666176290e-02
6.374783979327143871e-03
3.543705881347535003e-02
-9.259562353546429980e-02
-7.023482542850044419e-02
7.470893581937032568e-02
8.598446539825170543e-02
-1.804453366358921632e-02
3.957470543435425564e-02
1.864612090018068560e-02
-5.125840383093878405e-02
-2.270817536998060229e-02
-7.610245361557688160e-02
1.133619310579477360e-02
-2.873694093135214372e-02
-5.468631699127208395e-02
-1.782417099936405708e-02
1.496709030289616049e-01
-7.998921785328620693e-03
2.496919632586897669e-02
5.726331788998216543e-02
-6.729621601053967228e-02
4.915566802476205310e-02
1.386757267299142393e-01
9.930250512716667921e-02
7.374037584490135411e-02
-5.465877438734013938e-02
-7.157459660703244242e-02
1.158135899634483252e-03
7.611243415543682278e-02
3.684893785332773314e-02
