3.611111111111111049e-01
3.492392718701585186e-01
3.117647159963268799e-01
6.422181874607784113e-01
5.847053538286841601e-01
3.934575884598152662e-01
2.536926000483041288e-01
1.500210756170937410e-01
2.182840260652392228e-01
3.853543084956019271e-01
4.758477906480106934e-01
4.895105911781828523e-01
6.100024213792806238e-01
5.707383156344284503e-01
5.310103172336501087e-01
4.066714845581658744e-01
2.753460102399304388e-01
4.406065945767885794e-01
3.662557094350575304e-01
3.086078245065085879e-01
3.685600726858960785e-01
2.908207900586026740e-01
4.447680725904795684e-01
4.139488763814165861e-01
2.526331478243957207e-01
5.062556986079548293e-01
3.989265387818078934e-01
4.203286087586444730e-01
5.446682426767277541e-01
3.879031503942302894e-01
3.590605081626808137e-01
5.077026736644092431e-01
4.322617630380475306e-01
5.694345656554862245e-01
6.000715262849689591e-01
5.965249638334143567e-01
5.039412465157339094e-01
6.235616043314113899e-01
5.696072660319781988e-01
6.185493600012441640e-01
6.035086707144442508e-01
6.645239824313068366e-01
5.717830118005169382e-01
5.208512598549452921e-01
5.118759209166041657e-01
5.522986774023098677e-01
6.311766078857864448e-01
7.084584996154165148e-01
6.136859985083026325e-01
6.066562354748072927e-01
6.697896399218751240e-01
6.278252258016415732e-01
4.240127424392825528e-01
6.691897985785750791e-01
6.303191154669025575e-01
5.017545088981313350e-01
4.533870775727122382e-01
5.097588116954759885e-01
5.775674597165146862e-01
4.175981376948842416e-01
4.330019547660861057e-01
4.686270055369397003e-01
4.750995375746741578e-01
3.363081287806380937e-01
5.265011701278539125e-01
5.062141815044057802e-01
5.218641954547238448e-01
5.786133545103616660e-01
3.537731142299456732e-01
3.947827924450942327e-01
4.280310111468872969e-01
4.436442633365987875e-01
4.393561672532957374e-01
4.376340729104718497e-01
3.287322427117246870e-01
3.668795481460274122e-01
3.460919792550398721e-01
3.679978144622665370e-01
4.304802436713083269e-01
3.492134574426383198e-01
2.537227809553920799e-01
2.489560981638894999e-01
2.967957337439029453e-01
3.009387478502724700e-01
2.847346588713119409e-01
2.381075219527412912e-01
2.768047581789229161e-01
3.020321258003401121e-01
4.027698184781262625e-01
2.107454394076758719e-01
2.459606109214731717e-01
3.141943069818467493e-01
9.350519274491453370e-02
2.465974685973140734e-01
2.903033650238514563e-01
2.535981530187954580e-01
2.189855760477670277e-01
8.576366648371100410e-02
1.818055317492437428e-01
2.967507666471848604e-01
1.855476288989292288e-01
1.151372701637882606e-01
2.088938502378429596e-01
3.255536785712443981e-01
1.755330559015085279e-01
1.258625213688364941e-01
1.098246890834823630e-01
2.536702075110926491e-01
1.595779486071286224e-01
2.724581707928078744e-01
1.796990861322566302e-01
2.606350303768111831e-01
3.777926314567601196e-01
3.202674005481460084e-01
2.990563519221339783e-01
2.585564166922209028e-01
2.377803497493089779e-01
2.551467289292167484e-01
2.230921686636574419e-01
8.286206863645061149e-02
1.470466600611728680e-01
1.281878417494056177e-01
1.067935219112287892e-01
1.091093709076580015e-01
1.588970248400289331e-01
1.751476573120520630e-01
3.024469262548251103e-01
1.878610724121711484e-01
1.591201697444978302e-01
2.327820562626805867e-01
2.021677855308525174e-01
1.572799967821441602e-01
2.413036955033790454e-01
2.519634446499609548e-01
7.732783545914270751e-02
8.149118691879012055e-02
2.577079837735287704e-01
2.720458780227107132e-02
1.206381027863232674e-01
1.157987978704833332e-01
4.662991129909652144e-02
2.078621486567217569e-01
3.045962795355652286e-01
1.695986789503559911e-01
3.401508780666122056e-01
1.263191082416943722e-01
1.896242225058818176e-01
1.383807914363171798e-01
1.798026898528474748e-01
1.585907955113148304e-01
1.934054149944742784e-01
9.398921688990095891e-02
8.866525003182085252e-02
5.986279185308181205e-02
1.483507427662678346e-01
1.557268525327792918e-01
2.513003388144737782e-01
2.080952790756929460e-01
1.898582911342716339e-01
8.733240491827380658e-02
1.838574731043043919e-01
2.777069540980842688e-01
2.008127949487495123e-01
1.800139814006957995e-01
2.584563516314982157e-01
1.742786359515553218e-01
1.057611654457038530e-01
1.569208814271149943e-01
1.624841726961378796e-01
3.825286032828741078e-02
8.894631615950603087e-02
9.822401434042488111e-02
2.726654477863799664e-01
1.371197905944083473e-01
2.069694822129107270e-01
1.349256952333248161e-01
1.771772128593291085e-01
2.396222956682957927e-01
1.271674747587297760e-01
5.164054460690938736e-02
2.958437354911202521e-01
1.697276648201541671e-01
3.300405389698436026e-02
1.136646202725304505e-01
8.716677461325221532e-02
9.725981098154518056e-02
1.024820234984439443e-01
1.734369092467387963e-01
2.765346429293419894e-01
1.853299564941182920e-01
1.918953687105973971e-01
2.891405650700743513e-01
1.953480285336852557e-02
1.551187278289147264e-01
2.728421901622977708e-01
2.535697737348005520e-01
2.536839030726673050e-01
1.909110595871610083e-01
3.461980859415215162e-01
2.440781671449869794e-01
5.362831855607263359e-02
9.873071268011224255e-02
2.560381047018517875e-01
1.713847241870150584e-01
1.948471792371847255e-01
5.959665671004614473e-02
1.527440994009671149e-01
7.851793165528450635e-02
2.098400801294743323e-01
2.458612128567893573e-01
2.450785526890352228e-01
1.795307133207676153e-01
1.358988093427931088e-01
2.144606060084010835e-01
1.447051827716675232e-01
2.803126853496233362e-01
2.996416431595649299e-01
3.670088399278472746e-01
2.617360708808616487e-01
1.625493984605803910e-01
1.834187117396179068e-01
1.445039242941059399e-01
1.637497737556578292e-01
1.504362133940297663e-01
1.835613101753952592e-01
7.994431940252698376e-02
1.722794842787454539e-01
1.545600786259959669e-01
1.789396232036113421e-01
2.459772560718739010e-01
3.005500950295520446e-01
1.994886688101921157e-01
2.258724403635649636e-01
2.197429077382474505e-01
3.348787154046629633e-01
1.294672490611334659e-01
1.021579196856742949e-01
3.152495541010404412e-01
3.524115987536290406e-01
3.427319744474283114e-01
3.088622421624164782e-01
2.574535036955459821e-01
2.135380791723830440e-01
2.744041443845947614e-01
1.111701219634852467e-01
1.764013371004306829e-01
1.761082909565569732e-01
2.512070911334049472e-01
1.858505497788343896e-01
1.046496066539541608e-01
8.775815125119651450e-02
1.654427456718389200e-01
2.037255480605061064e-01
1.474904370660758135e-01
5.809095379340650789e-02
2.542585424464171573e-01
1.681686704305515034e-01
1.926961360529109435e-01
2.632315093821003260e-01
1.898734679049774998e-01
5.338201050616984966e-02
5.438886322428915926e-02
2.085812901096055216e-01
2.263040939842924371e-01
2.388800679404759764e-01
1.514699946440424827e-01
5.842997470245712976e-02
5.930049320164435672e-02
2.108733275387132400e-01
1.064039966282791655e-01
1.789916909060905448e-01
2.457170073432109469e-01
1.225077140438753515e-01
1.775458595289223507e-01
2.184524554634389437e-01
1.562959573527757939e-01
1.242196024515199865e-01
9.481317323130272756e-02
1.864873532900738762e-01
2.390950957544152600e-01
2.750742220317721753e-01
1.860679072191878114e-01
1.959602212160405366e-01
1.586218928205992418e-01
2.512043988032724995e-01
1.508388114172278804e-01
2.030505533475121249e-01
2.044379489286351215e-01
3.427121206122723529e-01
3.196626921935345478e-01
3.020566222654497146e-01
2.076282756355132264e-01
3.128896530402571763e-01
1.711527243356242567e-01
2.477607248282104602e-01
2.545193575283702381e-01
4.047354692640129925e-01
4.219427248280650522e-01
2.062229532660281861e-01
1.855205405793454443e-01
2.445249609351084208e-01
2.889339212408672530e-01
3.263612271587926772e-01
1.643193724784279552e-01
1.509807176118382332e-01
1.024403533401037208e-01
1.157146409298257378e-01
2.169700449425955857e-01
2.278810824482264963e-01
2.062212524534024205e-01
2.117458570254600603e-01
2.077936732495731798e-01
1.712453912334002126e-01
3.098491328916881671e-02
8.464330293538405159e-02
8.511866789421491941e-02
1.052060287497096347e-01
1.348273090155292786e-01
8.220891905054657223e-02
8.923850222684209799e-02
2.269633023642985692e-01
1.741863640300352900e-01
2.341857197648193889e-01
3.885665302162981671e-01
1.552856064419922688e-01
1.265022735782590779e-01
1.594521687337516480e-01
1.550060092386963406e-01
7.970227799325015072e-02
1.509604395717367153e-01
9.510365658820642276e-02
1.847999308894871240e-01
1.193638088690390231e-01
1.749049996606387991e-01
1.780379985647454477e-01
5.609716029562813316e-02
1.044801726363057265e-01
1.374435392552008917e-01
1.112740989693471738e-01
1.641209690199229576e-01
2.163684348829046644e-01
2.177658658103041323e-01
1.434625643899177516e-01
6.644565222855845776e-02
1.239910284021234210e-01
1.876401102033171675e-01
2.686477316186886011e-01
2.135373208423734515e-01
2.705216900990305429e-01
2.084820378448040967e-01
2.601396417590328136e-01
1.880380766026308881e-01
1.971284154725957971e-01
1.656194609332167778e-01
1.039928448632206487e-01
1.727461255000861395e-01
1.462958844950438819e-01
1.400710039266773455e-01
1.402156878778792332e-02
1.256045046735101423e-01
8.533580609810728079e-01
8.838145739421100489e-01
2.785532547147001603e-01
3.044090647392154736e-01
8.151731733433502380e-02
1.860704673450694624e-01
1.725467770068708495e-01
2.142383963907358857e-01
1.721475607080552583e-01
9.945328002738236528e-02
1.659345402212470677e-01
1.645141327046253654e-01
2.001954901016171073e-01
2.329360008740343768e-01
2.739635140208359076e-01
2.120972094062552049e-01
1.215317869990534677e-01
1.515761298286115444e-01
7.671125026881632503e-02
1.373884133635941973e-01
6.087209234062361529e-02
1.857635008902681351e-01
2.491284796640219346e-01
1.131324459230278884e-01
6.778479521766342386e-02
2.766570150306166820e-01
2.320317437219341083e-01
2.878174171743370646e-01
2.610799885515872054e-01
2.845691597916031323e-01
3.216971681130880167e-01
1.400915273213938217e-01
2.180032830788251885e-01
1.543220507566480104e-01
1.080606970935257816e-01
2.251771367181821804e-01
1.947396275079226191e-01
8.649473409779022404e-02
1.959713592727946041e-01
1.492501418273293468e-01
1.328605220307057522e-01
1.182456600879702030e-01
2.237497335126902853e-01
1.490998365454206942e-01
1.903134351043640482e-01
2.856811312616159282e-01
1.029104186394892290e-01
1.274442452325394992e-01
2.272704289643042164e-01
1.648247359807967216e-01
1.613040545234726286e-01
1.552661185395263765e-01
8.126651778629682965e-02
6.720832410731918116e-02
2.229534903852801453e-01
1.874841746974079126e-01
3.179036873319755485e-01
2.408796718057967801e-01
1.860828354213678593e-01
1.694508066352296005e-01
1.380459172453158967e-01
2.065155062599746127e-01
2.168441582474851248e-01
3.423642231685835452e-02
8.273113547926297384e-02
1.318923881223122430e-01
1.733067319172602594e-01
1.172354270778312585e-01
2.139554620937904605e-01
3.240979567855324373e-01
2.772181182957021983e-01
4.790809012392004129e-02
1.333802346918297743e-01
1.842887550072961900e-01
2.372268647457128898e-01
1.745120078046338563e-01
2.248781896709959038e-01
3.095089631961513432e-01
2.894451915700900768e-01
1.296020422042467590e-01
1.287209867345023295e-01
2.125639003490358558e-01
7.079780376298641653e-02
1.477997333999683249e-01
2.594238628289642912e-01
1.112844936193880530e-01
1.547864330452704551e-01
2.675999506297103703e-01
1.496336449762178389e-01
7.493466867188872116e-02
7.556564452258517084e-02
1.366931483896302868e-01
8.071078477077546498e-02
2.011307085402750938e-01
1.261704551780903905e-01
1.612950490485124122e-01
1.958090517995024760e-01
8.447761387488356144e-02
1.241732960526852753e-01
2.326196469189848737e-01
1.230497158664737439e-01
2.438047649441383302e-01
1.790908625914666430e-01
1.395623874410414911e-01
1.508886982659659107e-02
1.365801453022839063e-01
1.942303941294661607e-01
2.553122387287103390e-01
1.263787265435359908e-01
8.109183106056661039e-02
1.047581368239958455e-01
2.379734996483387488e-01
2.685002563937053388e-01
2.781832603010860883e-01
2.449896386696092387e-01
1.547060592293048875e-01
1.665661142471335787e-01
2.481290922528569531e-01
1.787031260898863938e-01
2.479424871271796449e-01
1.597216153993926135e-01
1.362335559279533037e-01
9.684575662957638220e-02
7.602461355724801639e-02
2.130510595649184602e-01
2.671394730280143293e-01
1.935549303889460282e-01
8.723930122681200494e-02
2.016037552017665713e-01
2.571757677424227895e-01
2.004870646765014378e-02
1.230138747027993695e-01
7.124720096164728622e-02
9.481548180343768450e-02
1.755338305747009553e-01
9.335820503717653929e-02
8.214919749323817966e-02
3.711942064830183741e-01
2.798418424994579823e-01
1.992860412669730241e-01
1.873830825772808129e-01
1.971379983031337213e-01
1.961170157693009619e-01
2.165929362279867265e-01
3.216424854322551541e-01
2.527388928561517534e-01
1.794056810934905877e-01
8.303007504853263110e-02
1.941268683857677035e-01
1.918303900478085244e-01
2.318869776392582516e-01
2.356764516036491675e-01
5.559360032874448299e-02
1.438752659319934568e-01
1.713477255667938681e-01
1.837167469311770662e-01
1.941674263803161993e-01
9.841364686218119495e-02
1.291171883191831460e-01
1.723172906251955461e-01
2.345954679536563781e-01
2.156432747592425814e-01
1.981824072857946151e-01
2.547842061763394006e-01
4.929828642975924574e-02
1.498290581837185276e-01
1.899599092371530296e-01
1.840603701949986015e-01
1.943785244605269746e-01
1.824196466361201752e-01
1.931118454443154497e-01
1.771702653207912481e-01
2.488640907400162527e-01
2.439532222543445150e-01
1.774497753146167256e-01
1.919020339476218973e-01
1.629499075282709319e-01
9.625260092081083796e-02
1.515831400810017382e-01
1.821477480762301870e-01
4.734755251641486473e-01
7.114108527070868160e-01
2.371721052766533888e-01
2.451975665113810543e-01
1.890632390689129527e-01
2.445388204326924275e-01
2.494333191542098815e-01
1.672082137340521468e-01
2.120135257799379003e-01
1.652472593634380094e-01
9.802395722195099415e-02
1.418275650929167742e-01
2.878130370038924357e-01
1.001133839989585134e-01
2.185076242143815795e-01
2.652539018173881158e-01
3.266819893580619749e-01
2.366861466195899488e-01
2.269396372653924021e-01
1.696551348452026986e-01
1.602524328574121415e-01
8.660825258193359522e-02
1.444172733968552558e-01
2.259027874346040410e-01
2.688955152622878320e-01
3.711055155878286715e-01
2.942918779068753321e-01
9.829182797644894776e-02
1.910419702401019992e-01
8.433720622416902846e-02
1.835291002789224690e-01
6.238584371389255256e-02
1.146816701748575862e-01
1.133094615014838824e-01
5.929316364962378128e-02
1.542393672440141306e-01
1.646383804441632071e-01
1.361148027752294709e-01
1.133946349811143645e-01
1.135362264095862161e-01
1.679264668549968476e-01
5.444874056715150179e-02
9.931096896035389310e-02
1.991930155931284918e-01
1.381763299565381131e-01
1.540838759364410726e-01
3.073781473614822790e-01
2.337408767781194441e-01
1.804713658844681046e-01
1.959148307090994579e-01
2.368030877445466698e-01
2.112850630266628060e-01
2.015469869674654524e-01
2.344836096347114596e-01
1.583776141043221619e-01
7.652713819877386692e-02
1.814037592720512682e-01
1.946224291475416590e-02
1.275494964923523933e-01
1.738668047293105423e-01
2.563831284621912454e-01
2.854036519833645924e-01
2.011032276239925753e-01
1.727996539371212947e-01
7.792168281902787930e-02
2.730335738653507649e-01
2.070725626008354525e-01
1.910265315591803403e-01
1.698814484871807307e-01
1.378856299064794011e-01
1.630249090078020602e-01
9.133346622648710889e-02
7.927326319076502537e-02
3.352722554519568243e-01
1.791645159273880794e-01
1.429180141090111156e-01
1.391656152190821616e-01
2.242250996693941067e-01
2.409781022881724299e-01
1.445803377110109755e-01
1.085556799038498027e-01
1.388593565495588600e-01
9.295243129789995673e-02
1.632164447615397640e-01
1.780832857338525421e-01
2.449366179060079307e-01
1.388015360093922956e-01
1.580258373556887586e-01
2.387045600832870540e-01
3.442058132238477453e-01
3.252585428738777873e-01
1.936212272910323717e-01
9.666430484401139500e-02
9.466933339034012962e-02
1.549448813681222892e-01
1.370981957535491735e-01
1.044228916574473365e-01
1.671203318393195136e-01
1.503241496697958202e-01
3.647101065833321248e-02
1.551040110191409527e-01
1.453818095071701400e-01
1.088533854396361439e-01
5.546031470582409723e-02
8.769598332201504476e-02
5.169995214623793189e-02
9.921502503144401242e-02
8.918026852883129130e-02
1.975157183896980029e-01
8.653067710757347819e-02
1.620853809087197395e-01
4.506430914052637210e-02
1.516434338151283756e-01
1.140514365389596330e-01
7.786102223493468477e-02
1.366920733633285312e-01
1.500438900241710394e-01
1.620466820368847982e-01
1.131579165367843504e-01
1.186601493544400393e-01
2.880604229279748463e-01
2.102150222730574392e-01
3.935816698099047634e-02
1.328744893100755053e-01
1.717296894583566769e-01
1.364254669945312304e-01
1.216826400021431137e-01
1.262375591079098469e-01
1.687021868034580541e-01
8.835734807720581341e-02
8.045543340973052016e-02
9.165012423743558456e-02
2.077270367696997522e-01
1.428783662383000530e-01
7.934724665790078568e-02
1.659765157669538804e-01
2.353224883274609644e-02
5.239979887341772447e-02
2.595514862426718805e-01
1.251293399310831056e-01
2.343869066904394061e-01
2.747178866161494870e-01
2.212573854886370206e-01
1.441449678003126622e-01
1.349254668377403710e-01
3.406370969892826006e-02
8.878653799982287598e-02
1.566263628608493830e-01
2.513447252675396135e-02
1.725276411851161817e-01
7.903125693257533058e-02
1.362879295737857988e-01
1.018810233711076318e-01
1.541537452378885786e-01
1.451796963480965208e-01
1.397514819704054889e-01
1.348585306187456145e-01
1.049190998237254854e-02
4.598093703251714820e-02
3.353755986921201637e-02
1.772566445396807633e-01
2.319412551443314485e-01
1.169012058736268733e-01
1.247716692164565072e-01
5.288478885948596359e-02
8.968819805683256319e-02
7.201485047324168720e-02
5.586171485817061771e-02
1.569757866806489877e-01
1.131554394517854042e-02
1.478249151850173915e-01
1.422440520729406355e-01
9.528883755466041605e-02
1.138428937019593384e-01
7.707205058461079339e-02
2.303836649887969559e-02
4.455282384498749498e-02
1.051437994089616662e-01
2.517903283804919790e-01
2.353094114334656761e-01
1.905274656279391521e-01
4.059405812169267769e-01
2.659731319195280386e-01
8.898755370305054535e-02
1.865088584164337482e-01
1.974764757312860719e-01
4.287968755768301748e-02
4.391280610050220246e-02
1.598298077898581138e-01
3.754769619033634237e-02
2.162290335424246757e-01
1.444475099426945353e-01
1.731361538354710128e-01
6.673583868921036111e-02
1.580933352328162678e-01
2.393624907915153643e-01
5.469389440808254677e-02
4.862739519791214882e-02
1.290807565853479000e-01
1.885133156556077771e-01
2.321562129569089694e-01
1.975674836170283333e-01
2.892367902847300387e-01
8.833011213533442652e-02
1.712529401713923927e-01
7.360968237820651738e-02
1.127962533066768080e-01
8.282982671574128097e-02
2.435571576754880507e-01
1.377404988533855734e-01
6.207262043405116503e-02
2.352712924095835476e-02
1.898881403519150357e-01
1.352098999422327308e-01
1.624408477879527024e-01
1.051749670793464819e-01
3.431532302026095438e-02
2.014934466514783362e-01
1.331732384849491080e-01
7.134273013613010028e-03
9.228618999318451144e-02
1.038960134012525127e-01
9.326223223889335001e-02
2.041061344638874231e-01
1.518563364736956467e-01
1.200317628532650976e-01
7.430298633464371694e-02
9.281461622889126961e-02
1.740985396093667481e-01
1.131291144030381196e-01
9.155742129810649776e-02
3.889947195571443611e-02
1.491366846449447836e-01
1.037254734544562629e-01
1.753573891402692431e-01
2.232544717923697769e-02
1.334479661978420217e-01
2.579743029360557702e-02
1.013443801948332029e-01
1.264847607334693702e-01
1.511280030030340837e-01
1.451206479362608381e-01
6.684876708011212865e-02
1.275384383405826216e-01
9.692313420678416724e-02
1.271150503617122784e-01
1.037449316794963883e-01
5.732079436218839863e-02
2.817421621228444542e-02
2.394307639265780552e-01
1.602650429113413322e-01
4.927561878470144291e-02
1.177053171590590197e-01
8.780906802322893667e-02
1.116871065961450027e-02
1.068429029869155389e-01
5.999983796791106411e-02
1.328336952936979565e-01
8.218384543851336987e-02
1.951780170066665931e-01
7.744043287926949404e-02
8.456832754169472943e-02
1.104843794097391529e-01
6.053204932071484107e-02
1.037778977997624863e-01
1.052068133940930184e-01
1.023745710960126815e-01
1.094008202515421024e-01
4.547754457177810572e-02
2.102646792648327767e-01
1.645486366143796286e-01
2.025142065513527712e-01
1.915093306399922590e-01
4.820338712782573642e-02
1.429286243941789436e-01
1.617867917724387095e-01
1.450794901216305999e-01
9.867814723777407204e-02
1.929196819898893953e-02
2.864416810030013388e-02
1.556827009823075030e-02
4.200183628480400055e-02
1.838142285468575277e-01
6.446153870203834291e-02
3.708313617880414775e-02
2.124071535549417189e-01
3.269747231194274073e-02
7.299824561150264346e-02
7.096868480242256305e-02
1.261107087704460006e-01
1.026227163501051420e-01
2.289185544349042478e-01
2.745235793357201359e-01
6.128866878541330832e-02
9.828240409041416603e-02
8.607720875142683969e-02
1.092669812577966165e-01
4.910179781264231019e-02
7.971119049503806731e-02
1.325879685848918299e-01
1.623799960804141185e-01
1.013421674307543596e-01
1.206943889870455144e-01
1.169202098116137456e-01
9.399904433783259905e-02
7.178166329655324973e-02
8.593110021852205793e-02
8.921507544008179524e-02
3.965203242615494839e-02
3.047081561887089382e-02
7.208448008047020628e-02
1.245573638235868141e-01
8.348290621702914027e-02
8.022788088043317223e-02
1.154086880271067844e-02
6.507090950013168229e-02
6.136857267863505411e-02
1.617018622016013762e-01
1.517362391376507191e-01
1.913826828870000551e-01
2.405881201560000904e-01
1.421724237043761607e-01
3.670308780374724467e-02
7.879747243078891183e-02
4.101871505395193046e-02
4.390420192590487741e-02
1.219508859204695150e-01
1.647048532765437168e-01
1.673835578261798906e-01
2.692280619471922737e-02
8.859058761998557519e-02
1.522320598469417141e-01
8.046305417906572666e-02
1.475321570571964391e-01
4.392362296211228118e-02
7.112692182736998769e-02
9.015664268294626416e-02
1.211394216669043483e-01
4.565583129251197386e-02
4.692124863621684877e-02
1.530254179446261520e-01
5.966256922817369385e-02
4.487439170809286865e-02
9.335046876923017156e-02
1.468862951909817860e-01
1.410665754584503051e-01
1.420233182039389308e-01
7.376365467405195109e-02
2.360486925552951476e-01
3.849256385890895832e-02
9.955589012518679948e-02
1.780312080173855616e-01
1.602560608784867058e-01
2.543688778527589123e-02
1.176300516597010709e-01
8.671602988413443236e-02
1.379851355149560033e-01
7.208576882283940224e-02
2.980569653113278664e-02
2.409863405507102208e-01
2.229361063623041261e-01
1.682075381899883759e-01
