0.000000000000000000e+00
5.631971168259747307e-02
1.490093422385624713e-02
3.459581575444448803e-02
-4.769697790111197648e-03
9.458044908107419990e-02
3.555690619660013818e-02
2.216337627029812615e-02
2.830214461473359866e-02
2.367270901147970966e-02
1.951714979155004803e-01
1.678415440934610536e-01
1.725984231116274303e-01
1.419844947173173610e-01
-2.819345596783402047e-02
-1.412005072551147065e-02
1.030242584334801481e-01
1.885654084496297400e-01
8.699473977127245017e-02
4.481432394021679644e-02
2.162399628209638047e-01
1.593720266938694619e-01
3.096418000424777661e-01
8.953038296263918228e-02
7.623624734633249744e-02
1.757344172566028817e-01
7.038404084268103100e-02
7.174365154968688485e-02
4.794807142239723707e-01
1.314304065881070349e-01
3.436759171069716512e-01
3.536727603166225364e-01
2.997629342359564020e-01
3.510152025763845218e-01
6.201718653399104220e-01
6.322784976513613486e-01
2.755120754095222169e-01
3.246139665401085450e-01
5.597568816126550217e-01
4.053989704669873628e-01
5.137570728225198113e-01
6.361894146304216680e-01
6.105227457053622464e-01
3.574851567536614927e-01
4.642390728508924980e-01
2.134256247572850207e-01
4.709264653847404225e-01
4.558211985144417500e-01
5.080145839866144764e-01
4.588541332260482331e-01
6.349820890786205263e-01
6.128941538127301580e-01
2.789582494500951193e-01
4.284605061454420105e-01
2.149905126662390864e-01
2.509293192472027978e-01
3.974296749376825533e-01
9.380268558897285336e-02
2.715298461802946872e-01
2.017420065334378787e-01
2.432533698261336863e-01
2.895886173559106824e-01
1.375868233436314536e-01
-9.301754779965356809e-03
2.929068085202935490e-01
2.482561936968677996e-01
1.066351670696960435e-01
2.964015504924889521e-01
1.543358787778927321e-01
9.588579688986904881e-02
3.631867521234959095e-02
4.937226004014254321e-02
1.965110322642159846e-01
4.009093627350711064e-01
2.402635773372777950e-01
1.484215605394152426e-01
1.430833602947363670e-01
2.189688960593829392e-01
2.596368810295909824e-01
2.763727629074606840e-02
-2.784851875276966870e-02
-1.327560837989853054e-02
4.463127003713802249e-02
-2.844794078669132809e-02
2.792804190777351328e-02
6.621078289211654311e-02
7.301273584528383820e-02
2.030623458737788323e-01
9.211861811148915058e-02
1.325357271966035588e-01
1.239272742199122174e-01
-3.690393599191444003e-03
-2.642491856157519470e-02
1.733427167335734043e-02
-2.546640215987370365e-02
1.384456869210940778e-02
-1.880772808124412873e-02
-1.408732980579335608e-03
5.686033807072909951e-02
-2.008450183331172631e-02
-2.774759937467939294e-02
3.712494154051550893e-02
-2.716963896548312343e-02
3.271100949789265688e-02
1.789189503328590669e-02
-1.527895319770913168e-02
1.313670124588070254e-01
2.084952881873508856e-01
5.860901774953391347e-02
3.973647315137040364e-02
-2.804785338724114646e-02
1.409744446485022840e-01
2.021731862219715570e-01
4.969750890141372973e-02
2.071986016411951348e-01
1.018036197970964424e-01
-9.903492657020869852e-03
2.762724746265291572e-03
-1.199919641387112504e-02
-1.027112993283496416e-02
6.973577608573272579e-02
-2.915325451497889978e-02
-2.479932292276895017e-02
-2.247488312678349448e-02
-8.711582801422965150e-03
-2.607774232973495213e-02
-2.471741164831685669e-02
-2.822994499602464111e-02
-2.521194400232119187e-02
-2.420560224728598997e-02
-1.346569928324563466e-02
3.394552124371029433e-02
4.237527699003301035e-02
5.017373833976023108e-03
1.916970613846056062e-02
-2.131360543903026636e-02
-2.579951669712828022e-02
-2.777624132685387742e-02
-9.805987841179735626e-03
-2.410610904572168048e-02
6.203329483762899145e-03
-1.456347499825730654e-02
1.124538973031331303e-02
-2.090292139321961798e-02
-2.545271737969513615e-02
-2.183335356860968343e-02
-1.225420096086431198e-03
-1.386687096412757281e-02
1.055933407499738165e-02
3.994817432706189442e-02
3.187450369132264344e-03
-2.801338748564443162e-02
-2.278188864367048164e-02
-2.066454325645763340e-02
-2.653628523971809580e-02
2.510621806877277526e-02
-2.121476795228003850e-03
-2.231660969670633179e-03
-1.588270094953785766e-02
-2.264745681698135740e-02
9.764703508767440254e-02
8.878897349652040139e-02
-2.420628923971210669e-02
-3.300306227530974777e-03
6.255783146138829340e-03
-2.922653358074786892e-02
-2.073969003997119115e-02
4.890662551394445168e-02
-1.083048608676298943e-02
-2.421008549495351839e-02
-1.180109306796458743e-02
-2.757595708782742405e-02
2.737283779657759264e-02
5.644578670924259994e-02
-1.019138037396537938e-02
-2.634157107281026935e-02
-2.480481872027411744e-02
5.668253820503012935e-02
-1.717287549206259964e-02
-2.828730885466141515e-02
-1.680040455306509861e-02
-2.351134913985944777e-02
-1.651896398447787184e-02
-3.186931422755428372e-02
-2.254458276870268535e-02
6.961959038702705306e-03
-2.332727010149760610e-02
-9.424908354436163649e-03
-2.754962498341785235e-02
-1.818261929818748915e-02
-2.161890630103543987e-02
-1.106777044043429775e-02
-2.019750109510402153e-02
4.768551938265743612e-02
7.279867173077136933e-02
8.114041889063773605e-02
-1.230026428996755516e-02
-2.623348791204726735e-02
-1.363887498368478689e-02
-2.238990094205580567e-02
-1.081592702549194138e-02
-6.956096024404921814e-03
-9.286543563794843678e-03
7.340554434178743481e-02
-2.042747677018320451e-03
-2.502444394813878314e-02
-1.522444546161858328e-02
-6.259513864736207522e-03
-2.726446874202671095e-02
-1.763565971137212888e-03
-3.614174053046394219e-02
7.535051025648128661e-03
-1.912632611571383340e-02
5.894301985755859112e-03
8.035616976551899007e-03
-1.988323190691982170e-02
-2.895483593078643225e-02
-3.314083186477451842e-02
-2.674414135037864876e-02
-1.942329149559239923e-02
1.066581829959103479e-02
-1.424433809218410805e-02
6.127559921349458316e-02
-2.086521234892588228e-02
-1.195900256929369534e-02
-2.749772859891341792e-02
-1.824635282172924755e-02
-2.625675095672024006e-02
-2.988924051007240193e-02
-3.281748453042235801e-03
6.517036253564711945e-02
-1.447216372866711592e-02
7.589077347792272041e-03
-2.513059226850810832e-02
-1.839623154003549449e-02
-1.051963389756807934e-02
2.239208745105583306e-02
1.376184289018677898e-01
8.901727943884425731e-02
1.483292150742890683e-02
2.361277547558304074e-02
3.561577186142626805e-02
-2.997853246309348241e-02
-1.279354706460511006e-02
-2.091612341209185891e-02
1.815397072815482654e-02
-2.943789954774489459e-02
-1.072309888504097489e-02
6.378927054326370694e-02
-7.279723607731528393e-03
1.496302438620421976e-02
-2.576831308858888031e-02
4.033043935374815842e-02
-1.173150301807262229e-02
-1.418600174774302218e-02
2.132109014088750046e-02
7.162728100958198896e-02
-2.503768286819248179e-02
-2.029955834722750943e-02
-1.288344605915904724e-02
-1.639765508837840932e-02
-2.447960867359599835e-02
-2.074516424823024882e-02
-5.456532223641188950e-03
2.058062681408308059e-01
1.075622434594792204e-01
-2.149062265312270958e-02
-2.501374268790802075e-02
-2.203252836552632016e-02
7.001864435180546117e-03
-1.470411633890057225e-02
-3.274653761888941111e-02
4.536965347550458300e-02
1.441277757813816673e-01
9.578398199919474498e-02
-2.098019766708465739e-02
1.788409224239994547e-03
1.684819446562816486e-02
-1.954666804971526631e-02
-3.241461974655669709e-02
-1.050060365036623207e-02
-2.515217100332635403e-02
-2.347639074066448436e-02
-2.960006711189078904e-02
-2.006684076135915179e-02
-2.298279996293996555e-02
4.251549945555165022e-02
-3.266979329945007837e-02
2.794540477922162133e-02
-1.067329528903775658e-02
-1.563068675101623312e-02
-1.454643504582585865e-02
-9.365472779326266400e-03
-2.799158951423110983e-02
1.247058129955052469e-01
-8.366354456340931514e-03
-3.128665209139266327e-03
3.511547163523665027e-02
-2.388198985729720822e-02
-3.128911238749774570e-03
-2.068770843175459992e-02
7.487310487295911754e-02
2.121177218069037751e-01
5.651041650946769107e-02
2.255414423550091904e-02
-2.667408197525165947e-02
-1.877131249506030011e-02
-2.669333589918373995e-02
-2.847448392526953989e-02
6.447990551468157916e-02
2.754113080995596735e-02
1.230216073234887547e-01
-9.571559203085686172e-05
2.898275138138478157e-03
-5.493122924742695201e-03
-8.316372188331005999e-03
-1.599757629578626647e-02
6.874694438093662680e-03
-2.740156235672901869e-03
-2.569354023942566762e-02
-2.725274360058518863e-02
8.155294381098760620e-03
-2.834511401725057708e-02
-1.114887334260159651e-02
-3.898876014035801071e-03
-2.307610052061077541e-02
-2.192878894445537269e-02
-3.052084682439687273e-03
-2.711801113813680150e-02
-2.829316920291472665e-02
-2.538191601960715360e-02
2.786602033705293940e-02
6.293569866171766850e-03
8.453418342727656021e-03
6.529977469531229872e-02
4.709894575482830720e-02
-2.196167186688404924e-03
3.995441285470030524e-02
-2.668929316296953479e-03
-1.076148034943778115e-02
-2.228605459995409988e-02
2.021504025136212218e-02
-3.208674512320128236e-02
-2.949728006341961750e-02
-2.004042854807562557e-02
-2.090285710344145717e-02
-2.769227694511482152e-02
-1.787768697835586187e-02
-3.853905957083866851e-02
-1.924888361487089861e-02
1.951395455177946589e-02
-2.735260602590085938e-02
8.565528993551123349e-02
1.531175029210979713e-02
-2.763126508830271902e-05
-2.327365732645754123e-02
-1.244863464452269745e-02
-1.510829372866952236e-02
-2.932401931268604003e-02
2.761954438034113987e-02
1.350337348398887305e-01
1.914085642104399465e-01
-7.241990395068547337e-04
-2.344676368597234037e-02
-2.581084584858891681e-02
-1.424471303570653581e-02
-2.877166065627751596e-02
-9.730759483295050097e-03
-8.963644366781788747e-03
-2.035583394145295405e-02
-2.042426419451444375e-02
-1.073907739996687524e-02
5.289136477899149128e-04
-5.899144563657198435e-03
6.843451252764714936e-03
4.044642311315557737e-02
-1.588395731611523531e-02
4.187555238030438859e-02
4.798873008281075853e-03
1.471409776008256176e-01
-2.909361090813233561e-02
1.332348624398264555e-02
-2.851036616519342370e-02
-1.217310559851915615e-02
-1.309180174818876108e-02
1.196614839157170151e-02
3.318469868812077422e-02
-2.196457789561491805e-02
1.110992208521764252e-01
-3.020259779338833536e-02
-2.731182991484907077e-02
1.153621727553432857e-04
5.975114026748641616e-02
-2.385784011714711314e-02
-2.164260694559043061e-02
4.420751168975561862e-02
-3.702326803498444028e-04
4.058513666023776112e-02
1.724941363049397325e-01
-2.355384233321803494e-02
8.490671550959069669e-02
-1.959319244731482293e-02
2.637983895648697910e-02
-2.291091307702519154e-03
-2.675397021695137545e-02
1.880357851625443222e-01
1.557358849278070723e-01
7.274115958400426997e-03
2.622202056278138266e-02
-1.349819497416944805e-02
-1.611854901335673870e-02
-2.729792150029040215e-02
-1.946404047534769019e-02
-2.318732819729681788e-02
-1.915982260610593971e-02
-2.495180477280311074e-02
-2.199955422338478739e-02
-2.728290170353850699e-02
-3.772235576104741861e-02
-2.212212456776183056e-02
-2.481617504821510140e-02
4.700888861098968460e-03
-2.478321056300959377e-02
-3.404150983120795594e-03
-2.606444377002199372e-02
2.096463963178634197e-04
3.959976622437234167e-02
-1.210617220892290773e-03
2.341776439249452710e-02
-2.558931799179597205e-02
-2.228391086071162056e-03
-2.434984142620921083e-02
-3.034805237886286505e-02
1.816881866758332520e-02
1.749782732837057153e-01
1.944963226027643377e-02
-1.390884337666610515e-02
8.360171600802970837e-02
-2.942614258594806326e-02
-2.496988330834585754e-02
5.130777229200292854e-03
-2.186035115413913557e-02
1.126354890593658266e-03
-1.196208319811710094e-02
3.834901101802437595e-02
5.204104425457423827e-02
-2.032406822032937349e-02
-2.368105029281816418e-02
-1.966471217635231208e-02
-1.903259453099637871e-02
-2.325412119078879014e-02
-1.352871023516044428e-02
-2.399449197512925486e-02
7.855430542464518495e-02
-2.908666547555487439e-02
1.154833011274481770e-02
-2.603299467538712150e-02
-2.689784074332432495e-02
-1.371991733259042556e-02
-1.098100452444157431e-02
5.615481470279692910e-02
-1.814680067121051191e-02
-3.124005034842089121e-02
7.294747249949525350e-03
-2.284407240801952441e-02
-2.399107902882797669e-02
2.773126870990875320e-02
1.334467532452087990e-01
-1.793679005021953446e-02
2.488575990364881238e-02
-2.635914945881424193e-02
-1.128057807387653107e-02
-1.820564008064748038e-02
-3.277390342786003219e-02
1.446773590200322337e-05
-2.461698016238385994e-02
-1.792921127379144830e-02
9.663820769851829903e-03
-2.075109924893605087e-02
1.195360962578099692e-02
-2.448984475755771467e-02
-4.441222675509871876e-03
-1.351321468577424550e-02
-4.139473880892052815e-02
1.110426791419881209e-01
2.053291030371495740e-02
-2.022332737126453228e-02
9.313829013213880542e-03
4.807844185233357132e-02
-2.496086192134991388e-02
-2.223060770484397430e-02
-3.019018813881872709e-02
-1.828927906550475990e-02
-2.246447023845768443e-02
-2.517082661962208659e-02
-1.674330550774052150e-03
-1.002521364780131069e-02
1.103912225511809696e-02
-2.678773432314239880e-02
-2.656380742366785952e-02
-3.147421915223373289e-03
-2.568153890644625514e-02
3.750618194256923749e-02
9.060909238325470794e-02
2.044189449854005164e-02
-2.380494447215676657e-02
-7.686511558489744940e-03
-2.130839374905894867e-02
-6.394016478980267537e-03
9.162018537186431694e-03
5.634651388628483110e-02
-4.574413445402239660e-03
-1.361014107132404657e-02
-2.888431053636141693e-02
-1.448888433181185625e-02
-1.234439972996912403e-02
7.266276685351581721e-02
-2.165220698454695114e-02
-1.826039014605185251e-02
-1.919766905531807358e-02
4.749751098210857475e-02
-1.378974024292187878e-02
3.912913814931749321e-03
4.344784677609271617e-02
-2.472060846156962435e-02
6.914625910197839953e-02
-1.081998283936735569e-02
-2.160874298100296312e-02
1.608683633893358278e-02
-2.855965258666418385e-02
-1.617529503933470836e-02
-3.151820467697831474e-02
-8.698284411853563760e-04
6.725245803564031122e-02
9.705950358937348588e-02
-1.489079221743208094e-02
1.544339887206811314e-03
-2.565464847828665199e-02
-2.343242593520460798e-02
-3.141407626606567555e-02
5.732100884529526263e-01
9.601506407321683811e-01
1.109697813110442979e-02
1.108271917697565938e-02
-3.067576443081814538e-03
7.838446665413448949e-03
-1.364904900813436288e-02
3.718003781262281537e-02
1.189824696485266772e-02
-1.767817592732871812e-02
-3.990490900858616186e-03
-3.331803443572218387e-02
-2.982610566295040063e-03
2.974960197185692271e-03
-2.528716272504337448e-02
-2.081872283609683544e-02
1.360878018772906407e-02
1.826959662371030815e-02
-2.443925922903397024e-02
-2.499206444402190391e-02
4.251587769560268015e-02
4.762514133192882748e-02
-1.337713836933532123e-02
9.654503092317184842e-02
3.111130312754512364e-02
-2.151951326619542734e-02
-1.089951658305968012e-02
-2.113407239301528379e-02
-2.838116564373038830e-02
-7.657322338243462145e-03
3.721568591150870714e-02
-1.710629031535310443e-02
5.156369335863132675e-02
-1.384720396891004311e-02
4.093493810855995327e-04
-2.705504666259282015e-02
-2.359244895216483159e-02
-9.946893837565929861e-03
-2.400482323127248532e-02
-1.357968034782432686e-02
1.639309836486631602e-02
-1.280003266728051842e-02
-1.961135862476547087e-02
-2.450034896401257975e-02
-2.764367287746036586e-02
-3.742116072839142462e-03
4.545568649850315751e-02
1.722857379031539696e-02
1.128286896264716217e-04
3.958422886336681636e-03
1.096689982147503184e-01
-1.585918477144802885e-02
7.961145248595575749e-03
1.170141276390287560e-01
6.627385527467889725e-02
-2.979856640927839792e-02
-2.293905582930131498e-02
-9.126300346361216134e-03
-8.724569505369048419e-03
-2.344724493551922015e-02
-2.964968011653774937e-02
-2.662526953871054841e-02
-1.578839141770562240e-02
-2.755729951217827586e-02
-4.264493767857852231e-03
3.004062914519904995e-02
-1.664072270139926174e-02
-2.579950894925745961e-02
-2.561758838802903962e-02
-2.752459900904227069e-02
-1.951208008497525362e-02
5.616552439905710820e-02
-2.988595556343757315e-02
-5.653800314889287013e-03
1.819926632709571723e-02
-1.174802270756271187e-02
-9.007962097946768318e-03
1.594515766163574211e-01
-2.749347466125345862e-02
-2.139826252468088330e-02
-2.809491475871392710e-02
1.963271000675682193e-02
5.014192813053876610e-03
-1.723246853661126662e-02
2.222427264067036029e-02
7.664210456990320879e-03
-1.044474031903944514e-02
-7.428257655589358584e-03
-3.309771690157414792e-02
4.035709046831887498e-02
-3.038539795472305557e-02
-1.724749624234016288e-02
-2.934019138497294052e-02
4.755189168675090332e-03
-1.118466914128290329e-02
-2.173877079582666252e-02
-3.006257534404651807e-02
-2.584161896267175504e-02
2.891031311968919083e-03
-2.670874462649568473e-02
-2.634287113822408877e-03
7.161802159764345255e-02
2.834581872628480839e-02
-2.334091300786741291e-02
-2.426274166020654600e-04
7.566406851955453580e-03
-5.899218810621706388e-03
-2.661638099727300574e-02
-2.796797035941468376e-02
-1.766493854445087873e-03
-2.508485843258844925e-02
-2.207237154852724134e-02
-2.373134649370886584e-02
-3.626279743202915490e-02
1.283473283027738651e-02
-2.964157136480260676e-02
-3.040608499679285648e-02
-2.848917773807570220e-02
-2.458470130094484937e-02
-2.161188036888051986e-02
3.022325524366350352e-02
5.947070845198705602e-02
-3.697252200561239321e-02
-7.874780407558736386e-03
3.950278818356282168e-02
1.869609434235855461e-02
5.241885453136096995e-02
-1.465743224562947138e-02
-1.286699944622498454e-02
-1.758415543703322967e-02
-1.589597293933319930e-02
-1.193676175941488227e-02
1.703882160717052827e-02
-1.386014285011784655e-02
-1.232777228898690458e-02
9.483297618240163832e-03
1.836226630558810725e-03
-1.029641680923707066e-02
-2.428139477517134853e-02
-1.552134280725601077e-02
-3.287588321640916994e-02
3.479436677492206355e-04
9.260392001615903868e-02
2.413058978346989750e-02
-8.055515586445077467e-03
-1.944340754735698201e-02
-7.801124232326357363e-03
-1.420358670177907130e-02
-2.516971598780948227e-02
-1.207885326675956980e-02
-2.044208230872797058e-02
-2.143607693795217956e-02
-3.276238133137487907e-02
3.210744742449194583e-02
-1.528480100471577181e-02
-2.434248178198660309e-02
-2.820556415613342111e-02
-1.869362250664527783e-02
3.009508908540813044e-02
-2.774261172316321022e-02
-1.613169878894605419e-02
2.272077587218446215e-02
-1.347979625625738212e-02
-2.312110830855018326e-02
-1.804623705913714279e-02
-3.280718245395527338e-02
-1.103064302391597133e-02
-2.205930408002938076e-02
-4.583904754122681592e-03
-3.286126357037827406e-02
-2.427362108804494503e-02
-6.757141053246624486e-03
-1.530810512359533429e-02
1.577504918214696350e-02
-1.008028788425502191e-03
-1.490709633988135385e-02
-1.232053922387740981e-02
-6.144008290976838392e-03
-1.057312942244468743e-02
-1.719713028786784212e-02
-2.825407071106137563e-02
-2.579252202211951284e-02
-1.605836045368336587e-02
-3.062957755504710361e-02
-5.338781725747377034e-03
-2.513021977029035806e-02
5.694676234673753598e-03
-1.678851898648149599e-02
1.937910629404517374e-02
-2.683617016563647709e-03
-2.794385880498754041e-02
-2.954541901612041735e-02
-1.857245559433771606e-02
8.880697751551407809e-03
8.213620719236177162e-03
8.340639099443403551e-03
-2.856359553210828517e-02
1.267659308573723838e-02
-2.413911264801314044e-02
-9.447397415916491958e-03
-4.339042842113283172e-03
5.600424263135844391e-03
-1.038379132627533646e-02
-3.040615276018567709e-02
-1.685103564710945662e-02
-1.221903189176608111e-02
-1.223664816409374828e-02
-2.743352693950034532e-02
-2.506691149085273074e-02
-3.028700620339911179e-02
-1.558251016935199677e-02
5.649380261746883569e-02
8.235752438858084945e-02
-7.449996632679717172e-03
-1.532063735381473946e-02
-2.428350173800074979e-02
-2.578036781343036321e-02
3.694382116705597491e-02
-2.703650725955531950e-02
-3.702998372006247041e-02
-2.485259313045189503e-02
4.443330348717947423e-03
-3.139998196842614872e-03
-2.686629417687098897e-02
-2.659655664312547338e-02
-2.899855067736495373e-02
-1.944753074484996055e-02
2.985194482335505779e-03
8.377534484430747275e-02
-2.454398981896317028e-02
-2.992611436482183959e-02
-2.732450986473870802e-02
-1.774625701807690248e-02
-2.696876255344929710e-02
-1.841182417321447383e-03
-1.890453130006450322e-02
-1.763350789263225249e-02
-2.767172929278660654e-02
-2.879907141815246652e-02
-2.459442301064377126e-02
-2.523737943716862497e-02
2.120364138259351466e-02
3.893018150931996327e-03
4.405809563755708202e-02
-1.810715399194107872e-02
-2.910375684916517020e-02
-1.913966794332219723e-02
-2.497516170324969031e-02
-2.667401446788903938e-02
1.345004025587552554e-01
7.731366757181945548e-02
-2.857860222458271163e-02
-2.057786210847099492e-02
2.618341864276844261e-02
-2.255649890055234225e-02
-2.342123129464889104e-03
-2.609655105466450811e-02
-2.290847600796230149e-02
-2.783593060589835411e-02
-1.341459896570512851e-02
1.182718376821790401e-02
5.496589010344683779e-02
-2.286108351651078285e-02
-3.575807927858114244e-02
-3.168070963188691913e-02
-1.504022531990648233e-02
-1.390095243458595864e-02
-3.002689348308302392e-02
-2.202171315024891926e-02
2.621433997883302822e-02
-2.764233569220180334e-02
1.193485480965696399e-01
1.962491889965488900e-01
1.375104838592175749e-01
-2.449324689259854693e-02
1.826521617318897176e-03
1.389376172925926023e-01
2.163131217104991531e-03
-2.533282569074286547e-02
-1.802567304688411712e-02
-2.600751780238918717e-02
-2.655524200263431264e-02
-2.655012794888066130e-02
-2.317871844627366826e-02
-2.078252456432169021e-03
1.975343269721460682e-02
-1.410425747542461139e-02
4.958905135753311801e-03
-2.709752660352070588e-02
-2.221210115875320995e-02
-6.472356917278911104e-03
5.992445321282643261e-02
1.856817732798940468e-02
-2.171002405310883121e-02
-2.346779122886991434e-02
3.452523078611946517e-02
-2.373395805079751494e-02
-1.799035291732673306e-02
-1.203488619165843767e-03
-7.109500320637450986e-03
3.112187890961938541e-02
-2.395166224720576831e-02
3.011622853185314322e-02
-1.133313588549713681e-02
3.664647222730987777e-03
-2.515394922882563389e-02
2.390762072601203096e-03
-1.811303091311228589e-02
-2.289167448250332970e-02
-1.884715550314053009e-02
-1.807815844562442494e-03
2.448521397524378723e-02
-8.332237822672764263e-03
-1.538777594217496068e-02
-2.859827663464687558e-02
-1.159133079386478159e-02
-2.019816449226196145e-02
-3.001647749336719406e-02
-2.737534461484680132e-02
6.277433660812381522e-02
-6.493130152576703611e-03
-2.398090949415555492e-02
-2.798157296377400821e-02
1.057881682196410399e-02
5.239646022423633670e-02
-1.511115093188502602e-02
-3.779594358771661521e-04
1.028530997698594435e-01
8.842916733125862072e-02
-2.676705535471008909e-02
-1.460164223185295845e-02
-2.217499515706230009e-02
-2.941963433637832803e-02
-2.460801763732737429e-02
3.240397531644637931e-03
-1.130126360518820400e-02
-1.164915322281893408e-02
1.331896774199536025e-02
-2.605010960005113910e-02
-2.276458035574527999e-02
-2.861788070727829328e-02
-1.410479709797091835e-02
-2.390625651364183812e-02
-1.177635714522347332e-02
-2.938484828662536047e-02
-2.108609369043742271e-02
-9.244329413531825884e-03
-2.603355564824247348e-02
7.872732326815107262e-02
-2.761943560202364048e-02
-2.086498354875863590e-02
-1.444789653494410117e-02
-2.697820438193356679e-03
-2.586074481592673738e-02
4.682604636445437951e-02
2.348659075236874880e-02
-9.308414141567803585e-03
-2.629744276182495108e-02
-1.175036189465404786e-02
-2.618357295860626252e-02
-1.120141379228371467e-02
-2.059295550398183502e-02
