-1.408450704225352144e-02
8.059467918622849336e-02
1.408450704225352144e-02
-1.408450704225352144e-02
-7.042253521126760722e-03
-1.564945226917058589e-03
-7.042253521126760722e-03
-1.330203442879499161e-02
-1.330203442879499161e-02
-1.564945226917058589e-03
4.929577464788732072e-02
-1.564945226917058589e-03
1.392801251956181652e-01
1.181533646322378839e-01
-7.042253521126760722e-03
-1.330203442879499161e-02
3.599374021909233085e-02
9.859154929577464144e-02
3.599374021909233085e-02
9.859154929577464144e-02
6.416275430359938414e-02
1.181533646322378839e-01
2.394366197183098455e-01
9.859154929577464144e-02
3.599374021909233085e-02
1.408450704225352144e-02
5.477308294209705386e-03
8.059467918622849336e-02
2.683881064162754737e-01
9.859154929577464144e-02
1.181533646322378839e-01
1.181533646322378839e-01
6.416275430359938414e-02
1.862284820031298860e-01
2.394366197183098455e-01
2.394366197183098455e-01
6.416275430359938414e-02
1.181533646322378839e-01
2.394366197183098455e-01
2.120500782472613255e-01
1.862284820031298860e-01
3.309859154929578051e-01
2.683881064162754737e-01
1.392801251956181652e-01
2.120500782472613255e-01
1.181533646322378839e-01
2.683881064162754737e-01
1.181533646322378839e-01
1.392801251956181652e-01
1.619718309859155270e-01
3.998435054773081809e-01
2.394366197183098455e-01
8.059467918622849336e-02
1.619718309859155270e-01
1.181533646322378839e-01
1.408450704225352144e-02
1.619718309859155270e-01
4.929577464788732072e-02
2.120500782472613255e-01
1.408450704225352144e-02
3.599374021909233085e-02
8.059467918622849336e-02
5.477308294209705386e-03
-1.408450704225352144e-02
6.416275430359938414e-02
1.408450704225352144e-02
3.599374021909233085e-02
2.120500782472613255e-01
-1.564945226917058589e-03
1.408450704225352144e-02
5.477308294209705386e-03
3.599374021909233085e-02
6.416275430359938414e-02
8.059467918622849336e-02
4.929577464788732072e-02
6.416275430359938414e-02
5.477308294209705386e-03
3.599374021909233085e-02
1.181533646322378839e-01
-7.042253521126760722e-03
-1.095461658841940557e-02
-1.095461658841940557e-02
1.408450704225352144e-02
-1.095461658841940557e-02
-1.095461658841940557e-02
-7.042253521126760722e-03
1.408450704225352144e-02
8.059467918622849336e-02
8.059467918622849336e-02
5.477308294209705386e-03
2.425665101721439718e-02
-1.330203442879499161e-02
-1.408450704225352144e-02
-1.330203442879499161e-02
-7.042253521126760722e-03
1.408450704225352144e-02
5.477308294209705386e-03
5.477308294209705386e-03
5.477308294209705386e-03
-1.564945226917058589e-03
1.408450704225352144e-02
3.599374021909233085e-02
-7.042253521126760722e-03
1.408450704225352144e-02
-1.564945226917058589e-03
-1.330203442879499161e-02
1.408450704225352144e-02
8.059467918622849336e-02
5.477308294209705386e-03
1.408450704225352144e-02
-7.042253521126760722e-03
2.425665101721439718e-02
1.181533646322378839e-01
1.408450704225352144e-02
6.416275430359938414e-02
5.477308294209705386e-03
-1.330203442879499161e-02
4.929577464788732072e-02
-1.330203442879499161e-02
1.408450704225352144e-02
2.425665101721439718e-02
-1.095461658841940557e-02
-1.330203442879499161e-02
-1.330203442879499161e-02
5.477308294209705386e-03
-1.564945226917058589e-03
-1.564945226917058589e-03
-1.408450704225352144e-02
-1.095461658841940557e-02
-1.330203442879499161e-02
-1.095461658841940557e-02
-1.095461658841940557e-02
-7.042253521126760722e-03
5.477308294209705386e-03
-1.095461658841940557e-02
-1.408450704225352144e-02
-1.330203442879499161e-02
-7.042253521126760722e-03
5.477308294209705386e-03
5.477308294209705386e-03
-1.408450704225352144e-02
-7.042253521126760722e-03
6.416275430359938414e-02
-1.330203442879499161e-02
-1.095461658841940557e-02
-1.408450704225352144e-02
-1.564945226917058589e-03
-1.330203442879499161e-02
5.477308294209705386e-03
-1.095461658841940557e-02
-1.330203442879499161e-02
-1.095461658841940557e-02
-1.095461658841940557e-02
-1.095461658841940557e-02
-7.042253521126760722e-03
6.416275430359938414e-02
5.477308294209705386e-03
-1.095461658841940557e-02
-1.564945226917058589e-03
-7.042253521126760722e-03
-1.095461658841940557e-02
-1.564945226917058589e-03
-1.330203442879499161e-02
-1.330203442879499161e-02
-1.564945226917058589e-03
-1.408450704225352144e-02
-1.330203442879499161e-02
3.599374021909233085e-02
1.408450704225352144e-02
-1.095461658841940557e-02
-1.330203442879499161e-02
-7.042253521126760722e-03
5.477308294209705386e-03
1.408450704225352144e-02
-7.042253521126760722e-03
-1.330203442879499161e-02
-1.408450704225352144e-02
2.425665101721439718e-02
-1.330203442879499161e-02
-1.330203442879499161e-02
-1.330203442879499161e-02
-7.042253521126760722e-03
-7.042253521126760722e-03
1.408450704225352144e-02
5.477308294209705386e-03
-1.564945226917058589e-03
-1.564945226917058589e-03
-1.330203442879499161e-02
-1.095461658841940557e-02
1.408450704225352144e-02
-1.330203442879499161e-02
-7.042253521126760722e-03
-1.408450704225352144e-02
-1.564945226917058589e-03
-1.095461658841940557e-02
4.929577464788732072e-02
-1.330203442879499161e-02
-7.042253521126760722e-03
-1.564945226917058589e-03
1.408450704225352144e-02
-1.564945226917058589e-03
-1.095461658841940557e-02
-1.095461658841940557e-02
5.477308294209705386e-03
-1.564945226917058589e-03
-1.095461658841940557e-02
-1.330203442879499161e-02
-7.042253521126760722e-03
-1.564945226917058589e-03
-7.042253521126760722e-03
-1.564945226917058589e-03
-1.564945226917058589e-03
-1.330203442879499161e-02
5.477308294209705386e-03
1.408450704225352144e-02
-1.095461658841940557e-02
-1.408450704225352144e-02
-1.330203442879499161e-02
-7.042253521126760722e-03
-1.564945226917058589e-03
-1.095461658841940557e-02
-1.564945226917058589e-03
1.408450704225352144e-02
5.477308294209705386e-03
-1.408450704225352144e-02
-7.042253521126760722e-03
2.425665101721439718e-02
-7.042253521126760722e-03
-1.095461658841940557e-02
-7.042253521126760722e-03
-1.564945226917058589e-03
-1.095461658841940557e-02
-1.408450704225352144e-02
-1.330203442879499161e-02
-1.095461658841940557e-02
-1.564945226917058589e-03
5.477308294209705386e-03
4.929577464788732072e-02
6.416275430359938414e-02
1.408450704225352144e-02
-1.564945226917058589e-03
3.599374021909233085e-02
-1.408450704225352144e-02
-1.330203442879499161e-02
-1.095461658841940557e-02
1.408450704225352144e-02
-1.095461658841940557e-02
-1.564945226917058589e-03
5.477308294209705386e-03
-7.042253521126760722e-03
-1.095461658841940557e-02
-1.564945226917058589e-03
5.477308294209705386e-03
5.477308294209705386e-03
-1.330203442879499161e-02
-1.330203442879499161e-02
2.425665101721439718e-02
1.408450704225352144e-02
-1.408450704225352144e-02
-7.042253521126760722e-03
-1.408450704225352144e-02
-1.408450704225352144e-02
-1.095461658841940557e-02
-1.330203442879499161e-02
2.425665101721439718e-02
5.477308294209705386e-03
-1.330203442879499161e-02
-1.330203442879499161e-02
-1.330203442879499161e-02
-7.042253521126760722e-03
-1.095461658841940557e-02
-1.408450704225352144e-02
2.425665101721439718e-02
3.599374021909233085e-02
5.477308294209705386e-03
-1.408450704225352144e-02
5.477308294209705386e-03
3.599374021909233085e-02
-1.564945226917058589e-03
5.477308294209705386e-03
5.477308294209705386e-03
1.408450704225352144e-02
-1.564945226917058589e-03
-7.042253521126760722e-03
-1.095461658841940557e-02
-1.408450704225352144e-02
-1.095461658841940557e-02
-1.408450704225352144e-02
-7.042253521126760722e-03
6.416275430359938414e-02
-7.042253521126760722e-03
-1.408450704225352144e-02
3.599374021909233085e-02
-1.095461658841940557e-02
1.181533646322378839e-01
1.408450704225352144e-02
2.425665101721439718e-02
1.408450704225352144e-02
-1.095461658841940557e-02
5.477308294209705386e-03
5.477308294209705386e-03
4.929577464788732072e-02
1.392801251956181652e-01
-1.564945226917058589e-03
5.477308294209705386e-03
-1.408450704225352144e-02
2.425665101721439718e-02
5.477308294209705386e-03
-1.095461658841940557e-02
3.599374021909233085e-02
-1.330203442879499161e-02
6.416275430359938414e-02
1.408450704225352144e-02
-1.564945226917058589e-03
-1.564945226917058589e-03
-7.042253521126760722e-03
-1.330203442879499161e-02
-1.564945226917058589e-03
-1.330203442879499161e-02
-1.408450704225352144e-02
-1.330203442879499161e-02
-1.095461658841940557e-02
5.477308294209705386e-03
-1.095461658841940557e-02
-1.564945226917058589e-03
1.408450704225352144e-02
-1.408450704225352144e-02
-1.564945226917058589e-03
-1.330203442879499161e-02
-7.042253521126760722e-03
-1.095461658841940557e-02
3.599374021909233085e-02
-1.564945226917058589e-03
-1.564945226917058589e-03
3.599374021909233085e-02
5.477308294209705386e-03
-1.330203442879499161e-02
4.929577464788732072e-02
-7.042253521126760722e-03
-1.095461658841940557e-02
-1.564945226917058589e-03
-1.095461658841940557e-02
-1.408450704225352144e-02
-7.042253521126760722e-03
-1.408450704225352144e-02
-1.330203442879499161e-02
-7.042253521126760722e-03
-1.330203442879499161e-02
-7.042253521126760722e-03
4.929577464788732072e-02
-1.564945226917058589e-03
-1.408450704225352144e-02
4.929577464788732072e-02
-1.330203442879499161e-02
-1.330203442879499161e-02
-1.095461658841940557e-02
5.477308294209705386e-03
-1.330203442879499161e-02
-1.408450704225352144e-02
-1.095461658841940557e-02
8.059467918622849336e-02
1.181533646322378839e-01
-1.408450704225352144e-02
-1.095461658841940557e-02
-1.330203442879499161e-02
5.477308294209705386e-03
-1.564945226917058589e-03
-1.330203442879499161e-02
-1.095461658841940557e-02
-1.408450704225352144e-02
-1.095461658841940557e-02
-1.564945226917058589e-03
-1.095461658841940557e-02
1.408450704225352144e-02
5.477308294209705386e-03
6.416275430359938414e-02
-1.330203442879499161e-02
5.477308294209705386e-03
-1.330203442879499161e-02
-1.564945226917058589e-03
-1.330203442879499161e-02
-1.095461658841940557e-02
-1.408450704225352144e-02
5.477308294209705386e-03
5.477308294209705386e-03
-1.095461658841940557e-02
-1.095461658841940557e-02
-1.095461658841940557e-02
3.599374021909233085e-02
5.477308294209705386e-03
-7.042253521126760722e-03
-1.564945226917058589e-03
3.599374021909233085e-02
-1.408450704225352144e-02
-1.095461658841940557e-02
-1.564945226917058589e-03
1.408450704225352144e-02
5.477308294209705386e-03
5.477308294209705386e-03
-1.095461658841940557e-02
5.477308294209705386e-03
-1.095461658841940557e-02
-1.564945226917058589e-03
-1.564945226917058589e-03
-1.330203442879499161e-02
4.929577464788732072e-02
-1.564945226917058589e-03
5.477308294209705386e-03
8.059467918622849336e-02
2.425665101721439718e-02
1.408450704225352144e-02
5.477308294209705386e-03
-1.408450704225352144e-02
-1.095461658841940557e-02
-7.042253521126760722e-03
-7.042253521126760722e-03
-1.330203442879499161e-02
-1.095461658841940557e-02
1.408450704225352144e-02
5.477308294209705386e-03
-1.408450704225352144e-02
-1.564945226917058589e-03
-1.330203442879499161e-02
-1.408450704225352144e-02
-7.042253521126760722e-03
-1.330203442879499161e-02
5.477308294209705386e-03
-1.095461658841940557e-02
1.408450704225352144e-02
-7.042253521126760722e-03
-1.330203442879499161e-02
-1.408450704225352144e-02
-1.330203442879499161e-02
5.477308294209705386e-03
5.477308294209705386e-03
3.599374021909233085e-02
-1.564945226917058589e-03
-1.408450704225352144e-02
-1.095461658841940557e-02
-7.042253521126760722e-03
5.477308294209705386e-03
1.408450704225352144e-02
-1.330203442879499161e-02
5.477308294209705386e-03
3.599374021909233085e-02
-1.330203442879499161e-02
-1.408450704225352144e-02
-7.042253521126760722e-03
-1.408450704225352144e-02
-1.095461658841940557e-02
-1.330203442879499161e-02
1.408450704225352144e-02
-1.095461658841940557e-02
4.929577464788732072e-02
-7.042253521126760722e-03
-1.330203442879499161e-02
-1.095461658841940557e-02
-1.330203442879499161e-02
-1.408450704225352144e-02
-1.330203442879499161e-02
-7.042253521126760722e-03
-7.042253521126760722e-03
-1.564945226917058589e-03
-1.095461658841940557e-02
-1.330203442879499161e-02
-1.564945226917058589e-03
-1.564945226917058589e-03
2.425665101721439718e-02
-1.330203442879499161e-02
-1.330203442879499161e-02
-1.330203442879499161e-02
-1.330203442879499161e-02
-1.408450704225352144e-02
-1.095461658841940557e-02
-1.095461658841940557e-02
-1.330203442879499161e-02
2.425665101721439718e-02
-1.564945226917058589e-03
-1.564945226917058589e-03
1.408450704225352144e-02
-1.330203442879499161e-02
-7.042253521126760722e-03
-1.564945226917058589e-03
-1.330203442879499161e-02
1.408450704225352144e-02
1.408450704225352144e-02
-7.042253521126760722e-03
-1.095461658841940557e-02
-1.564945226917058589e-03
-1.408450704225352144e-02
-1.564945226917058589e-03
1.408450704225352144e-02
-1.408450704225352144e-02
-1.330203442879499161e-02
-1.408450704225352144e-02
-1.408450704225352144e-02
-1.330203442879499161e-02
1.408450704225352144e-02
-1.564945226917058589e-03
-7.042253521126760722e-03
-7.042253521126760722e-03
-1.408450704225352144e-02
1.408450704225352144e-02
1.408450704225352144e-02
1.408450704225352144e-02
-1.095461658841940557e-02
-7.042253521126760722e-03
-1.330203442879499161e-02
2.425665101721439718e-02
1.408450704225352144e-02
-1.564945226917058589e-03
5.477308294209705386e-03
-1.095461658841940557e-02
-1.330203442879499161e-02
3.599374021909233085e-02
4.929577464788732072e-02
6.416275430359938414e-02
-1.330203442879499161e-02
-1.095461658841940557e-02
1.408450704225352144e-02
2.425665101721439718e-02
-1.408450704225352144e-02
-1.330203442879499161e-02
6.416275430359938414e-02
-1.330203442879499161e-02
-1.330203442879499161e-02
-1.095461658841940557e-02
-1.408450704225352144e-02
2.425665101721439718e-02
-1.095461658841940557e-02
-1.330203442879499161e-02
5.477308294209705386e-03
1.408450704225352144e-02
1.408450704225352144e-02
4.929577464788732072e-02
-1.408450704225352144e-02
-1.330203442879499161e-02
-1.408450704225352144e-02
-1.095461658841940557e-02
-1.095461658841940557e-02
3.998435054773081809e-01
6.901408450704226150e-01
-7.042253521126760722e-03
5.477308294209705386e-03
1.408450704225352144e-02
-1.095461658841940557e-02
-1.564945226917058589e-03
4.929577464788732072e-02
-1.330203442879499161e-02
1.408450704225352144e-02
5.477308294209705386e-03
5.477308294209705386e-03
-1.095461658841940557e-02
-7.042253521126760722e-03
-1.330203442879499161e-02
3.599374021909233085e-02
-1.564945226917058589e-03
-1.330203442879499161e-02
-1.095461658841940557e-02
-7.042253521126760722e-03
4.929577464788732072e-02
-7.042253521126760722e-03
-1.564945226917058589e-03
4.929577464788732072e-02
3.599374021909233085e-02
-1.330203442879499161e-02
-1.095461658841940557e-02
-7.042253521126760722e-03
-1.564945226917058589e-03
-1.408450704225352144e-02
-1.564945226917058589e-03
-1.095461658841940557e-02
1.408450704225352144e-02
-7.042253521126760722e-03
-1.330203442879499161e-02
-7.042253521126760722e-03
-1.408450704225352144e-02
-1.095461658841940557e-02
-1.408450704225352144e-02
-1.564945226917058589e-03
-1.564945226917058589e-03
-1.095461658841940557e-02
5.477308294209705386e-03
-1.095461658841940557e-02
-1.095461658841940557e-02
2.425665101721439718e-02
1.408450704225352144e-02
-1.095461658841940557e-02
-1.330203442879499161e-02
-1.330203442879499161e-02
3.599374021909233085e-02
5.477308294209705386e-03
5.477308294209705386e-03
9.859154929577464144e-02
-1.095461658841940557e-02
2.425665101721439718e-02
1.408450704225352144e-02
-1.330203442879499161e-02
-1.330203442879499161e-02
-7.042253521126760722e-03
-7.042253521126760722e-03
-1.330203442879499161e-02
-1.095461658841940557e-02
-1.330203442879499161e-02
-1.095461658841940557e-02
-1.095461658841940557e-02
-1.330203442879499161e-02
-1.330203442879499161e-02
-1.408450704225352144e-02
-1.330203442879499161e-02
-1.564945226917058589e-03
-7.042253521126760722e-03
-1.330203442879499161e-02
-1.095461658841940557e-02
1.408450704225352144e-02
-1.330203442879499161e-02
-1.330203442879499161e-02
4.929577464788732072e-02
-1.095461658841940557e-02
-7.042253521126760722e-03
-1.330203442879499161e-02
5.477308294209705386e-03
1.408450704225352144e-02
-1.564945226917058589e-03
2.425665101721439718e-02
-1.564945226917058589e-03
1.408450704225352144e-02
3.599374021909233085e-02
-7.042253521126760722e-03
1.408450704225352144e-02
-1.330203442879499161e-02
-1.564945226917058589e-03
-1.408450704225352144e-02
1.408450704225352144e-02
-1.564945226917058589e-03
-1.564945226917058589e-03
1.408450704225352144e-02
-7.042253521126760722e-03
-1.330203442879499161e-02
-1.330203442879499161e-02
1.408450704225352144e-02
-1.564945226917058589e-03
-1.330203442879499161e-02
-1.408450704225352144e-02
-1.095461658841940557e-02
-7.042253521126760722e-03
-7.042253521126760722e-03
-1.095461658841940557e-02
2.425665101721439718e-02
-1.095461658841940557e-02
-1.330203442879499161e-02
-1.408450704225352144e-02
-7.042253521126760722e-03
3.599374021909233085e-02
-1.330203442879499161e-02
-1.564945226917058589e-03
5.477308294209705386e-03
-1.408450704225352144e-02
-1.330203442879499161e-02
-1.564945226917058589e-03
1.181533646322378839e-01
8.059467918622849336e-02
-1.330203442879499161e-02
-1.330203442879499161e-02
-1.095461658841940557e-02
-1.564945226917058589e-03
-1.330203442879499161e-02
-1.330203442879499161e-02
-1.330203442879499161e-02
-1.408450704225352144e-02
-1.095461658841940557e-02
-1.095461658841940557e-02
-7.042253521126760722e-03
-1.408450704225352144e-02
-1.330203442879499161e-02
-1.095461658841940557e-02
-1.408450704225352144e-02
-1.408450704225352144e-02
5.477308294209705386e-03
-7.042253521126760722e-03
-7.042253521126760722e-03
-1.330203442879499161e-02
8.059467918622849336e-02
1.408450704225352144e-02
1.408450704225352144e-02
-7.042253521126760722e-03
-1.408450704225352144e-02
-1.095461658841940557e-02
-1.408450704225352144e-02
-7.042253521126760722e-03
-1.330203442879499161e-02
-1.564945226917058589e-03
-7.042253521126760722e-03
-1.095461658841940557e-02
-1.095461658841940557e-02
-7.042253521126760722e-03
-1.564945226917058589e-03
-1.408450704225352144e-02
-1.408450704225352144e-02
-1.095461658841940557e-02
5.477308294209705386e-03
8.059467918622849336e-02
-7.042253521126760722e-03
-1.564945226917058589e-03
-1.095461658841940557e-02
5.477308294209705386e-03
-1.408450704225352144e-02
-1.095461658841940557e-02
1.408450704225352144e-02
-1.330203442879499161e-02
-7.042253521126760722e-03
-1.330203442879499161e-02
-7.042253521126760722e-03
-1.564945226917058589e-03
-1.408450704225352144e-02
-1.095461658841940557e-02
-1.095461658841940557e-02
2.425665101721439718e-02
5.477308294209705386e-03
-1.095461658841940557e-02
-1.564945226917058589e-03
-1.330203442879499161e-02
-7.042253521126760722e-03
-7.042253521126760722e-03
5.477308294209705386e-03
5.477308294209705386e-03
-1.564945226917058589e-03
-1.095461658841940557e-02
4.929577464788732072e-02
-1.330203442879499161e-02
-1.330203442879499161e-02
-1.564945226917058589e-03
5.477308294209705386e-03
5.477308294209705386e-03
-7.042253521126760722e-03
5.477308294209705386e-03
-1.330203442879499161e-02
5.477308294209705386e-03
-1.095461658841940557e-02
2.425665101721439718e-02
1.408450704225352144e-02
-1.564945226917058589e-03
-1.095461658841940557e-02
-1.330203442879499161e-02
2.425665101721439718e-02
-1.408450704225352144e-02
-1.564945226917058589e-03
-1.330203442879499161e-02
1.408450704225352144e-02
-1.095461658841940557e-02
-1.408450704225352144e-02
-1.330203442879499161e-02
1.408450704225352144e-02
-1.564945226917058589e-03
2.425665101721439718e-02
-1.095461658841940557e-02
-1.330203442879499161e-02
3.599374021909233085e-02
-1.408450704225352144e-02
-1.408450704225352144e-02
-1.095461658841940557e-02
5.477308294209705386e-03
-7.042253521126760722e-03
-1.095461658841940557e-02
-7.042253521126760722e-03
-1.095461658841940557e-02
-7.042253521126760722e-03
-7.042253521126760722e-03
3.599374021909233085e-02
-7.042253521126760722e-03
-1.564945226917058589e-03
-1.095461658841940557e-02
-1.330203442879499161e-02
-1.330203442879499161e-02
2.425665101721439718e-02
-1.095461658841940557e-02
1.408450704225352144e-02
-1.330203442879499161e-02
-1.095461658841940557e-02
-1.330203442879499161e-02
-7.042253521126760722e-03
-7.042253521126760722e-03
-1.095461658841940557e-02
1.408450704225352144e-02
-1.095461658841940557e-02
-1.408450704225352144e-02
5.477308294209705386e-03
-1.330203442879499161e-02
-1.330203442879499161e-02
4.929577464788732072e-02
5.477308294209705386e-03
-1.330203442879499161e-02
2.425665101721439718e-02
-1.095461658841940557e-02
-1.330203442879499161e-02
-1.408450704225352144e-02
-1.095461658841940557e-02
-1.408450704225352144e-02
-1.330203442879499161e-02
5.477308294209705386e-03
-1.330203442879499161e-02
-1.408450704225352144e-02
-1.564945226917058589e-03
-1.330203442879499161e-02
-1.408450704225352144e-02
-1.330203442879499161e-02
-1.330203442879499161e-02
1.408450704225352144e-02
-1.330203442879499161e-02
4.929577464788732072e-02
-1.330203442879499161e-02
4.929577464788732072e-02
3.599374021909233085e-02
-1.095461658841940557e-02
-7.042253521126760722e-03
-1.095461658841940557e-02
-7.042253521126760722e-03
-1.408450704225352144e-02
-1.095461658841940557e-02
-1.330203442879499161e-02
-7.042253521126760722e-03
-1.095461658841940557e-02
3.599374021909233085e-02
-1.408450704225352144e-02
-1.564945226917058589e-03
5.477308294209705386e-03
-1.095461658841940557e-02
-1.095461658841940557e-02
2.425665101721439718e-02
-7.042253521126760722e-03
-1.095461658841940557e-02
2.425665101721439718e-02
8.059467918622849336e-02
-1.095461658841940557e-02
-1.330203442879499161e-02
1.408450704225352144e-02
-1.408450704225352144e-02
-1.095461658841940557e-02
-1.564945226917058589e-03
2.425665101721439718e-02
-1.564945226917058589e-03
-7.042253521126760722e-03
-7.042253521126760722e-03
-7.042253521126760722e-03
-1.095461658841940557e-02
-1.330203442879499161e-02
-7.042253521126760722e-03
-1.095461658841940557e-02
-1.330203442879499161e-02
-1.408450704225352144e-02
-7.042253521126760722e-03
-7.042253521126760722e-03
-1.564945226917058589e-03
-7.042253521126760722e-03
-7.042253521126760722e-03
2.425665101721439718e-02
-1.095461658841940557e-02
-1.095461658841940557e-02
5.477308294209705386e-03
5.477308294209705386e-03
-7.042253521126760722e-03
3.599374021909233085e-02
-1.330203442879499161e-02
-1.330203442879499161e-02
-7.042253521126760722e-03
-1.330203442879499161e-02
-1.330203442879499161e-02
2.425665101721439718e-02
1.408450704225352144e-02
-1.330203442879499161e-02
-1.564945226917058589e-03
-1.330203442879499161e-02
-1.330203442879499161e-02
-1.330203442879499161e-02
-7.042253521126760722e-03
-1.408450704225352144e-02
-1.564945226917058589e-03
-1.564945226917058589e-03
-1.095461658841940557e-02
-1.095461658841940557e-02
-1.564945226917058589e-03
-1.095461658841940557e-02
-1.095461658841940557e-02
-1.330203442879499161e-02
-1.564945226917058589e-03
-1.330203442879499161e-02
-7.042253521126760722e-03
5.477308294209705386e-03
6.416275430359938414e-02
-1.095461658841940557e-02
-1.408450704225352144e-02
-1.095461658841940557e-02
-1.408450704225352144e-02
-1.330203442879499161e-02
5.477308294209705386e-03
5.477308294209705386e-03
2.425665101721439718e-02
5.477308294209705386e-03
-7.042253521126760722e-03
2.425665101721439718e-02
-1.564945226917058589e-03
-7.042253521126760722e-03
