0.000000000000000000e+00
2.844753132313131982e-01
2.150494581177108677e-01
2.671515813966051645e-01
1.540453234769678104e-01
3.663740356166623191e-01
2.661951868426802870e-01
2.365025979941760281e-01
2.566884831397902023e-01
2.377350992041164235e-01
4.676203779614407363e-01
4.410748291379285035e-01
4.385833959228844225e-01
4.128012441593973403e-01
3.421156986928615418e-02
1.133414004185626101e-01
3.565336145668008272e-01
4.581666836185486202e-01
3.358666033346353608e-01
2.609248426974656310e-01
4.877545750098536415e-01
4.417329921307650009e-01
5.731364764750617180e-01
3.355195566599334933e-01
3.224887504235365854e-01
4.474312110581596391e-01
3.067690657418424838e-01
3.162864928014609833e-01
7.016063302162948156e-01
3.919736290021885727e-01
6.026754231783800764e-01
6.092965730328032681e-01
5.654085406456922369e-01
6.060541231881693136e-01
7.939410734388602231e-01
8.015263521635970223e-01
5.431139205718911178e-01
5.833070688907152634e-01
7.567977766361694281e-01
6.491538560609056985e-01
7.267979025424839978e-01
8.033248175109394262e-01
7.881386664785838825e-01
6.112238236272850012e-01
6.921517197556813494e-01
4.848258370748643742e-01
6.955216405674492508e-01
6.884013665866234311e-01
7.225148501281341007e-01
6.864214548155477269e-01
8.014722820155674166e-01
7.900549707335090543e-01
5.460910116621454646e-01
6.653334158311919877e-01
4.851693900022468475e-01
5.201060582533831855e-01
6.425556055379738618e-01
3.482769129789836104e-01
5.392251133878182001e-01
4.735066652078386840e-01
5.124003931347101970e-01
5.553275675823747815e-01
4.012207600689247644e-01
1.331065248629874631e-01
5.577356320821972302e-01
5.209966627718215504e-01
3.589166700905529472e-01
5.605612884631768766e-01
4.236663191880057910e-01
3.429995065557113754e-01
2.561699901484956743e-01
2.840532242611037428e-01
4.696690230224072060e-01
6.492477570875463400e-01
5.094880309120251027e-01
4.144551125651756429e-01
4.036764876542504044e-01
4.878858752722597392e-01
5.303192748461652561e-01
2.336439535841826065e-01
5.613286105558475125e-02
1.072032116906011245e-01
2.620893935573533895e-01
4.779968697203504369e-02
2.295435876510778794e-01
2.994723866503842258e-01
3.067441462245255046e-01
4.748434526256473664e-01
3.384810511362916774e-01
4.024328794360265138e-01
3.876982228396556596e-01
1.490451319769786065e-01
1.075749176792256158e-02
2.067352275655308658e-01
5.587561174087261190e-02
2.196578970658286944e-01
1.083355024823516172e-01
1.586662197846344657e-01
2.931145798111280953e-01
1.094689861574534850e-01
2.849926987796395222e-02
2.460938262168069768e-01
4.154062274058433618e-02
2.383994629546156707e-01
2.034437326654734979e-01
1.167990144464667451e-01
4.030832527377813945e-01
4.787299610170095421e-01
2.911308743087197559e-01
2.571846524689994085e-01
4.819469648943463386e-02
4.029589428001459361e-01
4.769677779797223960e-01
2.827666252058258500e-01
4.809406012185850066e-01
3.579482786655182602e-01
1.249487698403747155e-01
1.756795430016921955e-01
1.430366192321457786e-01
1.436226296565280003e-01
3.094679985152168356e-01
2.370507717330544439e-02
6.029199963613249974e-02
9.540334999463957744e-02
1.369275018393762700e-01
6.739630754789427414e-02
7.271859351369496308e-03
1.863748983026140144e-02
8.386394642411632711e-03
5.789836923716065037e-02
1.009872864131228093e-01
2.461942982054115547e-01
2.582454074773232744e-01
1.863314223456562224e-01
2.200181690944957857e-01
4.584872691492308111e-02
4.161350453433045743e-02
3.815286834496180168e-02
1.225972228657521146e-01
7.813321505263375044e-02
1.738416631419653913e-01
1.037048062167276324e-01
1.936255068826457926e-01
6.703763236914928036e-02
1.311330900595774653e-02
6.756525281744212019e-02
1.574776835122745910e-01
9.654430053229531850e-02
1.871792053960713575e-01
2.576499569267364231e-01
1.804690198394544309e-01
2.345037813886475392e-02
5.519627089825133309e-02
7.162611590876993839e-02
4.156975844213912918e-02
2.389113421601155307e-01
1.623997511689050099e-01
1.489683878808213124e-01
1.096019455791725911e-01
8.047199513866823417e-02
3.512690607969004564e-01
3.325439647337588567e-01
2.200915354995718054e-02
1.519058853295807143e-01
1.868795025907657448e-01
7.126447035061625468e-02
7.261631277349969715e-02
2.741711802649425267e-01
1.332640159813500147e-01
6.169968799936038223e-02
1.177649943250906467e-01
2.993468639113504651e-02
2.280331478571011872e-01
2.990069750227591916e-01
1.317082586781861964e-01
8.250009383108997119e-02
3.676203082810872852e-02
2.834782056696705244e-01
8.723722951092244271e-02
1.963477175783478329e-02
8.779953188346795168e-02
5.285027151255652922e-02
1.123466512617161961e-01
5.348238992717365553e-02
8.581647817281712332e-02
1.866883502058595268e-01
8.686109460023733186e-02
1.262477861547322278e-01
5.688994794200004541e-03
1.045828990354569638e-01
6.614594548051055956e-02
1.278966319494146964e-01
8.186784447268231901e-02
2.718999812979634445e-01
3.080265841052429732e-01
3.221820701871911941e-01
1.418932390309496083e-01
3.261881111975897807e-02
1.153098426620740163e-01
5.349826568546869887e-02
1.194556324876211995e-01
1.573467037496565912e-01
1.782816508177789971e-01
3.153761457493191589e-01
1.567135839279667486e-01
2.205514286478486158e-02
1.417139321715698563e-01
1.595969952880449128e-01
3.724503917630075239e-02
1.739961351465790784e-01
4.208491228740605418e-03
1.892514797801084503e-01
8.070659296613208467e-02
1.829478446172549122e-01
1.918552035240429221e-01
9.313919151582955580e-02
7.565915325318381401e-02
6.207698621690899143e-02
2.117830397491163308e-02
8.442670651310348051e-02
1.969627311130025538e-01
1.156900137086193242e-01
2.887655176437479709e-01
9.745895518020972204e-02
1.212965309830068839e-01
4.237125896784763729e-02
9.493070120855723326e-02
4.335487367992325175e-02
1.454426374267818456e-02
1.565703377788511541e-01
2.929269131116415958e-01
1.190012187505438829e-01
1.896020362048113084e-01
2.272898407049104424e-02
1.509146477077951409e-01
1.203572557135151877e-01
2.133090643961888244e-01
3.998015507441216032e-01
3.312327200988748332e-01
2.061854350438872552e-01
2.585145675162445755e-01
2.507495620948307913e-01
2.298948425596605838e-02
1.159014147485899066e-01
5.869993759862387334e-02
2.138934659597493126e-01
4.807427662096391829e-02
1.297761201283724186e-01
2.997654256501815495e-01
1.329061970491446643e-01
2.131541495480591131e-01
1.615793217647570890e-02
2.526945475870270297e-01
1.107224756591917020e-01
1.307818349402595504e-01
2.232691067431955556e-01
3.084210062541243302e-01
2.460406479614354186e-02
7.308835369918217917e-02
1.188466002119981935e-01
1.053829683958716068e-01
3.122422153165771864e-04
9.958195433896210869e-02
1.334283357569782391e-01
4.783740725776315927e-01
3.655893038663065586e-01
1.016004926454588259e-01
5.538656796353475659e-02
5.175129997842927571e-02
1.825655859857842345e-01
8.993109685020694855e-02
6.590125905677181317e-02
2.684199102934497483e-01
4.067355865850698637e-01
3.443202605552846407e-01
5.026064844411573529e-02
1.733890991345943822e-01
2.060754032615432219e-01
5.313033740296483481e-02
1.124760931814556414e-02
1.268968228384002861e-01
3.979709139073841356e-02
3.241871106811054087e-02
9.255130941962209923e-03
8.992798937893567435e-02
5.175993488880319127e-02
2.673942425627509611e-01
3.221565124813469128e-02
2.366972899503890504e-01
1.310754016726567717e-01
1.058233242126529333e-01
1.046128775953975992e-01
1.303706985530330709e-01
7.024151699252917380e-02
3.798813301471716808e-01
1.345453952015812360e-01
1.344710066276162408e-01
2.403102233011572553e-01
1.786144728352713831e-02
1.476958795181303186e-01
1.089729228975101910e-01
3.127721029256663732e-01
4.810506923114177269e-01
2.984325663152889718e-01
2.155636297309034000e-01
5.962457511722672049e-02
7.692496649825654453e-02
1.915362856685132523e-02
2.581881038920345525e-02
2.945428868533740974e-01
2.315715099783327846e-01
3.824112366555349474e-01
1.616266654429884264e-01
1.709089324771761731e-01
1.473583022407959631e-01
1.489940330662494206e-01
1.157431985829003168e-01
1.833270093930451650e-01
1.725069376901792739e-01
3.055801876713887602e-02
2.185638358540412801e-02
1.793374315105022709e-01
5.958750480099493652e-02
1.214458163066967217e-01
1.407450899781373665e-01
3.345072496709369791e-02
4.286029809328605056e-02
1.494598828089006570e-01
4.307736034285232149e-03
3.070116098269468421e-02
5.360159575229087037e-02
2.345489670466577303e-01
1.733143848195864978e-01
1.908216950516776200e-01
3.062174339444839744e-01
2.767901603706189873e-01
1.503260935205249504e-01
2.585972161154710403e-01
1.844037953545502595e-01
1.422718843235213637e-01
6.321819914679599473e-02
2.223430412506093301e-01
3.739529116133720466e-02
1.364962278976353943e-02
5.343217606449910534e-02
7.757717103931727198e-02
6.330085289329602516e-02
9.234315623846175991e-02
2.653954369923004417e-02
1.451725741610406240e-01
2.156878180691063907e-01
3.770902508319311924e-02
3.281413104490072397e-01
2.080064474629878535e-01
1.692655229841433240e-01
5.541953066812885242e-02
1.221058459695633647e-01
1.123633663622630868e-01
4.596412063901408884e-02
2.258626431433149451e-01
3.905643273888375622e-01
4.556700553140233811e-01
1.690074145682063655e-01
8.566997614478606693e-02
4.936499054755202204e-02
1.167275703241600626e-01
5.802383161127808164e-02
1.316059525611700531e-01
1.259838116604306835e-01
5.882696627337114653e-02
5.629824335209230451e-02
1.308645217186909515e-01
1.524569408166615014e-01
1.618863054598246587e-01
1.844485597794417175e-01
2.555699296978026780e-01
1.266830112626200766e-01
2.652557027055701400e-01
1.827537653358720371e-01
4.101405168172349014e-01
6.228588878055132472e-04
2.053600265212070231e-01
1.243844802309430550e-02
1.241502286426248297e-01
1.229771407411979489e-01
2.131199896351146650e-01
2.433352871695409481e-01
6.152816657507684250e-02
3.711472610674741435e-01
1.539577576843634277e-02
8.200731132634888048e-04
1.599658820673824089e-01
2.864349196742952963e-01
3.903502742939491538e-02
5.510711841623616714e-02
2.687814540842651256e-01
1.752162809862337911e-01
2.643181272382858493e-01
4.414989805418318980e-01
1.363122976286508482e-03
3.286206116681915645e-01
7.700900337026200804e-02
2.393571718340428423e-01
1.641098961599038730e-01
1.762956766441317949e-02
4.582208092685827183e-01
4.238066762690912426e-01
1.878246412419331268e-01
2.199205204735081021e-01
1.231613166183249397e-01
1.126272319773625324e-01
8.244241414087078237e-03
8.101044921814541666e-02
2.450222819863357576e-02
9.453555738773075645e-02
3.350410962504203616e-02
4.906473392316110932e-02
3.416012997880182867e-02
2.312988783506686810e-02
6.268814392896750187e-02
1.801382127237702996e-02
1.734701585272652447e-01
1.145549282441418043e-02
1.706025685350644472e-01
7.155901451591398232e-02
1.716070192850982778e-01
2.521088567627752242e-01
1.430774996753866601e-01
2.222599732762924607e-01
9.149014227565593904e-02
1.654948681623071016e-01
6.199856638166517664e-02
7.483170266304624112e-03
2.208010240103738253e-01
4.458479777326063154e-01
2.095828799644242624e-01
1.234748543613961441e-01
3.271536484481551432e-01
1.214314992331755154e-02
4.784620814933875088e-02
1.863387439411229307e-01
5.885251147078426198e-02
1.858433412280491859e-01
1.201932271839344646e-01
2.565288740367150377e-01
2.831431581432722888e-01
1.031761687312150871e-01
5.706037843288854633e-02
9.818277949315738773e-02
7.825548133731770328e-02
6.282411696048950667e-02
1.102989840758781814e-01
4.646545014261852652e-02
3.233134908734591195e-01
2.132187010775666094e-02
2.041909452516186552e-01
5.075204198346044970e-02
2.607192971942884005e-02
1.424228637231747252e-01
1.189908287281036675e-01
2.842191920769708835e-01
8.764547584511886424e-02
1.615706386384333990e-02
1.807859890625410082e-01
4.786200307193892722e-02
5.037185027842393942e-02
2.278492145257350332e-01
3.948196611996599992e-01
1.172443001086762582e-01
2.283762995539610763e-01
5.901950989356146565e-02
1.319092098073640085e-01
9.806476890357916643e-02
2.092188233970473585e-02
1.667806365558394122e-01
7.199174069489633343e-02
1.067483449987348260e-01
1.900828319018412482e-01
6.350731113466850930e-02
1.978440825880788401e-01
5.626013919784968870e-02
1.355648130824774200e-01
1.129558905506109073e-01
2.106824235972738421e-02
3.740813390131025318e-01
2.127552413929844899e-01
5.676308557720874393e-02
1.979902925297289673e-01
2.702808003348325383e-01
2.406722706309097695e-02
8.595366863231472532e-02
2.310943225024844269e-02
1.029125725085673210e-01
3.466417804896092247e-02
6.194589453724923950e-02
1.472327774612457452e-01
1.270358478199989094e-01
1.878370542722141157e-01
4.110226957537451570e-02
7.998548757319808022e-02
1.607020745016544683e-01
5.233884928608642517e-02
2.513951962819440111e-01
3.413454753929443530e-01
2.217251297792272313e-01
5.582020400766990811e-03
1.268459212245325318e-01
4.533998106496272412e-02
1.303889151283289527e-01
1.883347544973615617e-01
2.860748339460628675e-01
1.360646700449975599e-01
1.224517989158306203e-01
2.744506235019223209e-02
1.545186270572337095e-01
1.299702801379344907e-01
3.090545414748699371e-01
6.850745315406842062e-02
9.906260687231659146e-02
1.045885985177024552e-01
2.686841620568218847e-01
1.135315796113861714e-01
1.747530290583013679e-01
2.733108599020827034e-01
6.349436872400959775e-02
3.083043752755486588e-01
1.272608674965342024e-01
7.889422039937360465e-02
1.996010760287915964e-01
6.554591117190153304e-02
1.080381009199488096e-01
2.641652139811133046e-02
1.558133451916440815e-01
3.050525036452214067e-01
3.578267212304144795e-01
1.154331329031552528e-01
1.623334007251927003e-01
9.837749597964422568e-03
6.831770334448661330e-02
2.259592436001913590e-02
7.635757449972546684e-01
9.802805311592428517e-01
1.916929672601762613e-01
1.909083489276907353e-01
1.518562788061013635e-01
1.858379468987405303e-01
1.232698755591739165e-01
2.466813085981106046e-01
1.897037671677093973e-01
8.883374778067829047e-02
1.561802670724767306e-01
2.146432967467281142e-02
1.442950296143804823e-01
1.796185264811843985e-01
8.781269412653727735e-02
7.023259583197576095e-02
2.009033226720766674e-01
2.109700583227071824e-01
1.772706602050073965e-02
7.768711502894037890e-02
2.542405710701774457e-01
2.705665609504553926e-01
1.167057790355251617e-01
3.490062419394235338e-01
2.369238290819563608e-01
5.674300477443859625e-02
1.246143720933611670e-01
7.929759635130542716e-02
2.388013682966241835e-02
1.513389768062191887e-01
2.508078756433259060e-01
1.152822084517759471e-01
2.851023471113324770e-01
1.121235758667556287e-01
1.651779712345503859e-01
9.822549320636447812e-03
4.383235711834230358e-02
1.329919882731750713e-01
4.332607966304083402e-02
1.199409694747654298e-01
2.073305774489085651e-01
1.124348498997797263e-01
1.141153752968005336e-01
5.595719022693954742e-02
3.330859885264764869e-02
1.428771675776183969e-01
2.721891970166945840e-01
2.128970753914225522e-01
1.661114430454976032e-01
1.710029796589956907e-01
3.641457195186293405e-01
1.151268671008278122e-01
2.046649886610280578e-01
3.807787687112756947e-01
3.021169641420801688e-01
3.730148485917202106e-02
8.606142621161197437e-02
1.435979264382430676e-01
1.280036125607214581e-01
3.889766286428895242e-02
4.784869121387368140e-02
1.240343005026781423e-02
8.944979087863660916e-02
2.309031039944288780e-02
1.429106118954356075e-01
2.298948667140840729e-01
1.024480922076820982e-01
1.804499093770417506e-02
7.932099542271137116e-02
2.620542114094087660e-02
9.054343074706348860e-02
2.854689150404295939e-01
1.751287817024854143e-01
1.519847083694021994e-01
2.241668252379378778e-01
1.331940300309105152e-01
1.327450841361409173e-01
4.312731079602058482e-01
2.152112102857452192e-02
8.693562343891929334e-02
3.346444751472268941e-02
2.048043794604601786e-01
1.771868395012604347e-01
9.059960916015286081e-02
2.283667712053565890e-01
2.111364494733335706e-01
1.338475352879793523e-01
1.540006351366240422e-01
2.756336816244329968e-02
2.622036183441552315e-01
3.990379631461391657e-02
8.758714280507183536e-02
5.961915594007383828e-02
1.913697360750704068e-01
1.430451188773563531e-01
8.996786075317578235e-02
2.850333230418709840e-02
1.340053574610578987e-02
1.853955988132187371e-01
5.763204336649362970e-03
1.391719020759417391e-01
3.166749213649726613e-01
2.333898301647842066e-01
6.533770019552133379e-02
1.582396947923845054e-01
1.878293637585251585e-01
1.851250316277031627e-01
5.209013508213448246e-02
1.593009678786453526e-02
1.564131933293528287e-01
6.645599709071573456e-03
9.318636625827678155e-02
5.288706164327473813e-02
8.334011045958929914e-03
2.091541903983775985e-01
3.431319244086530190e-02
3.144610103105243554e-02
1.509239014416790354e-03
4.749071625085503345e-02
7.395820152796975244e-02
2.414503016685300152e-01
2.969944464492897396e-01
2.107965819797322227e-02
1.579323713550298269e-01
2.540404951694330560e-01
2.159363697134240034e-01
2.884258215330528508e-01
1.062291118568022275e-01
1.133909793734417248e-01
1.286384633165965630e-01
8.926339651025551325e-02
1.022721646649208393e-01
2.070682446698513257e-01
1.434652200172850112e-01
1.085144639801901567e-01
1.834101453068666676e-01
1.694672130919394892e-01
1.148448522376508685e-01
9.321081989356392108e-03
8.641657814005872240e-02
1.005707506287268141e-02
1.762330104681611165e-01
3.405206193240205015e-01
2.301324603725583839e-01
1.537216556197175399e-01
8.624262475278014761e-02
1.369670062510849051e-01
1.064746993377600898e-01
3.219281476361604555e-02
1.037216894823037305e-01
8.721914746291085929e-02
8.983954830587459472e-02
5.792774541619701012e-03
2.403001064022334543e-01
1.031887971795107106e-01
3.961981568357087619e-02
9.555161189450473921e-03
7.809419902447442552e-02
2.427514786680658454e-01
4.334826299092466723e-02
1.165145175935585753e-01
2.218546933165172486e-01
1.066739983941111386e-01
6.445959986094595973e-02
1.010919638164646528e-01
1.126097243562792539e-02
1.367646773208990862e-01
7.850390592576671211e-02
1.678130545130829820e-01
1.402811498880317774e-02
6.142295205338185043e-02
1.381692643654125197e-01
1.093890339667005634e-01
2.159288679861181559e-01
1.621585111042782579e-01
1.446263355089571490e-01
1.091015808044304702e-01
1.354797033666167994e-01
1.210477995448939609e-01
1.119307315548392079e-01
1.750715126066785046e-02
1.522164006996093270e-02
9.839638826963922891e-02
3.650326597169566145e-02
1.645665112620134374e-01
5.339759507368220526e-02
1.794832307306782615e-01
1.014708325386205062e-01
2.068966895634446190e-01
1.466555569236128731e-01
8.208890147685704575e-02
4.194008966517205617e-02
1.094461360231413910e-01
1.919319197915920483e-01
1.742735514501741190e-01
1.869093600626953178e-01
9.790698516813984426e-03
1.876915352100330947e-01
2.402585274712127142e-02
1.149492823443354766e-01
1.545714908490360417e-01
1.777014743046924361e-01
1.509007581171973866e-01
4.996125569411474093e-02
9.442313786893000160e-02
1.293775057794319672e-01
1.272505873253893804e-01
3.605758741555162294e-02
3.187419936238793106e-02
1.871809080178185591e-02
1.115417204159297737e-01
2.935451106714509484e-01
3.281820612632904699e-01
1.299275941859695804e-01
9.954889212401425713e-02
2.382527421363377432e-02
3.394104299514300038e-02
2.534366735463819409e-01
1.280668572564724710e-02
9.260436153479696328e-03
7.714610568167318272e-02
1.876861215192351662e-01
1.570423950712174777e-01
7.635632815627490730e-03
3.117119923335954709e-02
2.316940017518384978e-02
1.133060999684471493e-01
1.905078771727616305e-01
3.242547197465748821e-01
5.036088416103997462e-02
3.303951828603540058e-02
2.773790013438544658e-02
1.084025045118156422e-01
3.581032438527983336e-02
1.692414749649616412e-01
7.620757553243184823e-02
9.617703026685761603e-02
1.596838246398175247e-03
4.033995033057421326e-02
7.626509760668717663e-02
4.532966182823255225e-02
2.131603080615551427e-01
1.625664899983223499e-01
2.802329849351765656e-01
1.212519592308944905e-01
2.387158990972486003e-02
5.883545002994934603e-02
5.174579572936698069e-02
7.397129627182596340e-03
3.979296795776327000e-01
3.175930148091696270e-01
3.745414071088005309e-02
1.015090879661434825e-01
2.282733301433702011e-01
1.008966194784107484e-01
1.566365547563305927e-01
7.558604630575398164e-02
6.764722800870263952e-02
2.493860872276953272e-02
1.197069684321560995e-01
1.964066369028543979e-01
2.868090270499268901e-01
3.950470456784681283e-02
5.410510305937780984e-02
6.968143646328634269e-03
1.111613748382253852e-01
1.167940854144569607e-01
1.212061903525421883e-02
9.374786824119143991e-02
2.268508422421004478e-01
4.636356538958559537e-03
3.764889192561072240e-01
4.646047425376427786e-01
3.995426882003654256e-01
4.556940074173185945e-02
1.706544760735340116e-01
4.113484721934348443e-01
1.739942444383643094e-01
7.715470582779568320e-02
8.650502910244717292e-02
3.168032416137162369e-03
5.257677888464167698e-02
7.229795174734651719e-02
7.352464922011325843e-02
1.492463221166067111e-01
2.087262477084711187e-01
1.225198694706191860e-01
1.930240483442917376e-01
3.269527320049578356e-02
5.701467891642154895e-02
1.468967982817351303e-01
2.886812994840706748e-01
2.130862260365542216e-01
8.447133984556304265e-02
7.857715530350765920e-02
2.564228534826015760e-01
6.626992235326792380e-02
8.538761434198041678e-02
1.676658677572523126e-01
1.342572505952010220e-01
2.385310363735658190e-01
8.062260329916941248e-02
2.549463308508848058e-01
1.255638651497678615e-01
1.755668327007804952e-01
3.864466144245099627e-02
1.777274987263812722e-01
1.034932980221032334e-01
7.724920146952796857e-03
9.028542340335314609e-02
1.525075231152295541e-01
2.391746753003601289e-01
1.345541213557655824e-01
1.177671088573459535e-01
5.851126535935311651e-02
1.353007065137319387e-01
7.420160698695703327e-02
2.780278675945934384e-03
5.727752969935963334e-02
2.933227382629651214e-01
1.330295092612823749e-01
1.931291592017836140e-03
3.011817137652993831e-02
1.946008200600991833e-01
2.809268165114939819e-01
1.307799205683186083e-01
1.648512678375763929e-01
3.589137126121110799e-01
3.377944120644572057e-01
1.589723034242072203e-02
1.261015392372546451e-01
9.225746820931078618e-02
1.404376568860474413e-02
6.668211970590934290e-02
1.653578570446334883e-01
1.253103127278017148e-01
1.252583416357614110e-01
1.990126411360402248e-01
3.427524778557341362e-02
7.366719785824711597e-02
3.449208553843769592e-02
1.154187545986350011e-01
4.518880822351245552e-02
1.423266048148189022e-01
2.104345417888054889e-02
5.651961793237571252e-02
1.270210944657836349e-01
4.274736334647574049e-02
3.203923698146298182e-01
1.581601359975291776e-02
4.643992017615044404e-02
1.099806982095425101e-01
1.547491921451382701e-01
9.536862872950541137e-02
2.778453780518903016e-01
2.257772207213362969e-01
1.441068938557678869e-01
9.981732595284717457e-02
1.344633735093745397e-01
2.356556475667072239e-03
1.425357809179908508e-01
9.615048836069936544e-02
