5.463282280847387984e-01
4.951271047386974766e-01
4.644545909467952538e-01
6.381025134860056625e-01
6.325482176288281799e-01
4.750642441068282928e-01
3.825018577753847571e-01
3.391523556311583643e-01
2.987044166349411833e-01
3.950806002255819460e-01
5.439235781074026610e-01
6.052426803537114264e-01
5.968721692573277782e-01
6.179306310984479245e-01
5.783920189102901288e-01
4.694255430340972812e-01
3.579709290456525306e-01
4.452998005441161644e-01
4.470005865167864245e-01
3.915968826043234041e-01
3.694481852025776614e-01
3.269841161856361644e-01
4.137133415589266949e-01
4.239248962938861887e-01
3.936618174899605971e-01
4.449055475096498902e-01
3.976795765275736860e-01
4.352379184014156244e-01
5.054489405993096707e-01
4.445113185899054464e-01
4.795989200549717890e-01
5.002322437119949283e-01
5.166572896552158456e-01
5.292821590435833334e-01
6.791364787909723866e-01
7.036663785043306696e-01
5.901707316434247064e-01
6.096257804520998080e-01
6.545868392695409765e-01
6.154349394276754648e-01
6.504107332299835509e-01
6.771058730843124707e-01
6.599761533153357673e-01
5.847417134840753317e-01
6.428018228883607410e-01
6.066058448188886842e-01
6.705897243355252169e-01
7.084491563214307952e-01
6.551011152506356350e-01
6.753582791476882008e-01
7.399707374573815111e-01
6.679061148418099503e-01
6.247813677626180562e-01
6.814562247255164795e-01
6.938318729825982967e-01
6.413201451809207310e-01
6.181685070307121332e-01
5.787821859926298718e-01
5.588810860281459014e-01
5.491309264653174704e-01
5.348825641281741428e-01
6.056470164639511378e-01
5.167375321901706009e-01
4.581787138638492296e-01
5.933677120725991960e-01
5.750401580554155290e-01
5.374560276538592474e-01
6.237457086169557741e-01
5.380043493935054988e-01
4.750359306433878381e-01
4.601109350980026602e-01
4.646888167046003826e-01
4.859752921895096889e-01
4.947335441420406266e-01
4.241902762461263743e-01
4.239010806594422642e-01
4.792907216882101862e-01
4.715762089836523230e-01
4.530561857030605544e-01
4.230712959987821264e-01
3.732365474102473657e-01
3.329380500148143573e-01
4.379822312202896750e-01
3.987074326237744493e-01
3.613844017195201874e-01
2.837390348905388660e-01
3.286084388081954577e-01
3.573986917052239254e-01
3.288612243197030494e-01
3.242231953551213963e-01
3.622296688645812446e-01
2.877731373001334303e-01
2.269688945450624162e-01
2.414860341142166245e-01
2.332039691805751491e-01
1.925969303592244275e-01
1.922739364431062248e-01
1.817372496930480252e-01
2.084457397958475178e-01
1.760959589239135259e-01
1.570477817436942702e-01
1.821784784159092563e-01
2.822401493752829671e-01
3.538121007205093926e-01
2.604448970070810665e-01
1.772006911313855904e-01
2.207913812317096325e-01
2.663830511158689074e-01
2.812388232962512169e-01
3.115771312519066694e-01
2.910766825704191318e-01
3.664749554516297803e-01
3.349888569963729856e-01
3.406505891758195848e-01
3.646490344002767392e-01
3.345357895244857049e-01
3.123238702423357105e-01
1.656785088056530464e-01
2.353665071870657821e-01
1.242513292817248871e-01
1.868767254773421593e-01
1.894041050837199924e-01
1.785149553732852945e-01
1.482647325683030815e-01
2.095889292037176610e-01
2.102187083826926595e-01
3.318531253704247175e-01
2.344411909007565464e-01
1.215619796182101087e-01
3.034497490880287973e-01
2.585777641092071866e-01
3.050225773619513192e-01
3.802020271302917753e-01
3.927648073336277301e-01
1.781441757277029692e-01
1.861076275024855786e-01
2.617993850771627717e-01
1.597303446426401874e-01
1.861701409029562493e-01
4.959452174535072810e-02
1.051270060386995803e-01
2.476321802002245664e-01
3.648880947458809643e-01
2.174254739284872673e-01
3.638028897267253092e-01
1.842121376716716052e-01
1.733020308811170640e-01
2.680131835078343183e-01
2.429262349208733685e-01
2.431198372080699277e-01
2.850578487520625814e-01
1.123782177098291979e-01
1.198376399315217306e-01
1.482840116956527510e-01
1.430073128788942327e-01
1.972849313297544704e-01
3.127693391683033508e-01
2.939046774604969214e-01
1.493962007661297220e-01
7.492645170904044249e-02
2.051565628373676065e-01
3.414948317746548390e-01
2.924538995624280102e-01
2.799491751729752398e-01
3.119721157628250752e-01
1.451974705364696971e-01
9.754521673587235320e-02
1.797592466365220965e-01
1.721029220303763319e-01
3.572728060808088441e-02
6.934216191810811669e-02
1.790596471444914906e-01
2.516486123741407677e-01
2.290888620661769293e-01
3.271394063165368182e-01
3.028890840106365778e-01
1.801257192165365284e-01
1.629081605124385879e-01
1.348951516823147512e-01
9.205674488246577691e-02
3.113205767009729619e-01
7.050316845188026038e-02
1.094390731335001671e-01
1.337417245648256925e-01
1.812714777012971457e-01
8.928072923720767329e-02
4.767229519161231277e-02
2.586095367294365954e-01
2.949932759005803318e-01
1.542571889457356182e-01
1.991247133729029395e-01
2.459460681884543531e-01
8.257119301179338677e-02
2.104468440349168967e-01
3.729432259412664985e-01
2.799488836614178466e-01
2.228995836338580061e-01
2.649255704476803364e-01
3.450309499310363903e-01
2.515407103734593197e-01
8.488489702293261496e-02
2.452026926226646697e-01
3.078937072826377630e-01
2.372160686480021818e-01
2.350086530668804019e-01
1.276463739018488253e-01
1.261208009301423572e-01
9.603149654964268644e-02
2.137200777647722538e-01
2.387604170229334632e-01
3.159363087276096382e-01
2.381227040085941715e-01
2.589021778548349917e-01
2.219896747427802797e-01
1.441358821350024744e-01
2.857657072916996999e-01
3.236618765162545541e-01
3.304871920825394049e-01
3.295257283295072726e-01
1.817565658612353419e-01
1.963912354964735263e-01
2.321271031423089992e-01
2.415787545688176385e-01
2.383303034849880431e-01
3.323535746966337356e-01
1.710961939835689838e-01
1.954675117240910198e-01
1.843526422483136584e-01
1.769407201379093186e-01
3.334080463148721418e-01
3.515662269958792496e-01
3.465499187600771802e-01
3.208339172926805150e-01
3.244700370811988144e-01
2.561840606418261390e-01
9.580593127705841483e-02
1.378100554228089414e-01
3.433002667620881354e-01
3.636333696166488827e-01
4.325116437491081101e-01
3.596668427698857529e-01
2.499801456145785417e-01
2.916930591731766165e-01
3.351179178632177069e-01
1.069088130323453678e-01
1.714594459696685835e-01
2.396224175131870804e-01
3.303456866544714488e-01
2.300530281928119813e-01
1.352733288478682461e-01
1.379866911414578123e-01
1.486914762578329108e-01
2.313415251370048442e-01
1.592304181015460340e-01
1.697464014437350954e-01
2.918344356232332459e-01
2.600882871413688902e-01
1.945299211814146834e-01
2.504078578113371201e-01
2.051122611680952224e-01
5.066792400408846181e-02
1.093326773662480489e-01
2.590166215418960860e-01
2.547774874906063025e-01
3.229416699035232430e-01
2.507565247555009758e-01
1.548936332883220912e-01
9.030746406518327940e-02
1.487689454618496276e-01
1.714463856973643952e-01
1.833185694266709909e-01
2.519106752912348979e-01
1.754409534202867327e-01
2.261631135311366614e-01
2.953069354261911861e-01
2.240311524050861425e-01
1.534669478525720332e-01
1.090281957084648923e-01
1.425440409185821933e-01
2.485669616909937096e-01
2.236435946649842632e-01
2.588732280902023009e-01
1.955256705826201868e-01
1.646306074364896899e-01
2.658543700829040235e-01
1.535654405053541172e-01
1.772382744840869939e-01
2.655016312683359803e-01
3.951950711366357671e-01
3.328816069060661076e-01
3.464201813495873528e-01
2.804097739818223745e-01
3.018258259042912450e-01
2.430515141877369889e-01
2.194611450213999060e-01
1.652260896515390654e-01
4.315997453453709332e-01
3.811981519950833341e-01
1.854653072010022108e-01
1.975311650536354657e-01
2.571300270171152924e-01
2.812173100315621954e-01
3.576877745844300183e-01
2.543047742565091585e-01
1.230035123493509741e-01
5.791769549810435458e-02
4.012228343098848266e-02
2.302352648521784895e-01
1.602220051221441011e-01
1.998096257628373673e-01
2.618426196894998448e-01
2.243215835493992116e-01
1.459230425268807918e-01
1.107363276909724414e-01
9.141052186467350793e-02
7.447996099593015562e-02
1.478951980879897043e-01
1.579945243325553417e-01
1.107294667822569523e-01
1.533897489307606277e-01
3.080709438434469649e-01
2.982733343234892920e-01
3.056965788700372055e-01
4.294194312523478274e-01
2.648508339347155904e-01
2.197878880742469287e-01
2.325805521716012847e-01
1.736093293031615858e-01
6.425298246493857390e-02
1.738227512940262454e-01
1.324267875173736897e-01
1.938186152715225263e-01
2.206890604287326252e-01
3.186683993071890431e-01
2.251288757653147066e-01
2.029338161033600874e-01
1.100692462178077813e-01
1.568696826082218998e-01
1.799093592664938179e-01
2.217467526266592992e-01
2.154567280496376136e-01
2.776942140655349056e-01
2.058712594421271969e-01
1.711239178618828849e-01
2.319628656374579656e-01
2.639287086803639992e-01
2.881856322002116499e-01
2.270068414152843217e-01
1.664544480626615752e-01
2.440718393286954724e-01
2.749550924730297385e-01
1.936406094948769363e-01
2.438952540911369926e-01
1.497441857779796270e-01
2.173299519927573142e-01
2.631720851714146048e-01
1.997255680072230200e-01
1.212548058488307767e-01
4.980133457572436667e-02
1.917733598010936680e-01
7.983092133007007041e-01
8.143409443213054377e-01
3.184572436450995858e-01
2.307886472536276601e-01
1.542070682755206923e-01
1.621965963827117496e-01
1.436561529057381048e-01
2.078815300808714017e-01
1.936936157140477510e-01
1.458909229728543588e-01
2.479685444864384025e-01
2.536321944591629074e-01
2.774130465868853146e-01
3.572182440616566979e-01
3.261301056655283026e-01
1.840621626641247011e-01
1.762225609974802099e-01
2.370072244673534501e-01
1.688892393139495851e-01
1.945852202936220465e-01
3.894368119676402083e-04
2.420662130132381906e-01
2.981764381501839645e-01
6.513568826796166389e-02
7.891127676002797353e-02
2.898465439501258234e-01
2.845106231261428920e-01
2.688486514684443329e-01
3.110189684456966530e-01
2.511521768126842580e-01
2.664822289936712996e-01
1.699420382929562601e-01
1.908396296624193245e-01
1.946715403102403374e-01
1.961801659783043994e-01
2.846448459651243490e-01
2.635407729105974095e-01
1.556985724524406756e-01
2.382478318059614852e-01
1.295992017953425390e-01
2.251436664690710521e-01
2.016638283881361515e-01
2.505080715606988195e-01
1.859075562374359336e-01
2.915261895891392285e-01
3.556410120474360892e-01
2.417333597626457053e-01
1.885991666029117053e-01
1.529892781361628096e-01
1.095931970595198229e-01
2.187777299856037416e-01
8.948967408337729634e-02
1.496986141588031449e-01
1.135264326841380067e-01
2.738406083249859124e-01
2.426163979215479050e-01
2.735002154482166770e-01
2.943334770486589202e-01
1.119766335067203383e-01
9.369989474161230514e-02
1.912540336378962536e-01
2.193799875163778557e-01
1.826159508798508024e-01
1.650686473693687983e-01
8.088984964352666229e-02
2.126837260952487707e-01
2.189854172695037404e-01
1.164371584631203188e-01
3.161560803978881173e-01
3.941677826336147383e-01
2.265714950778710823e-01
1.097912620630448616e-01
1.139216971220468055e-01
1.998866208256700472e-01
2.713323348100306620e-01
1.555681957064173893e-01
2.588575021137418664e-01
4.258533848340856354e-01
3.223813475278850538e-01
1.611444519244866203e-01
1.164966783658476918e-01
2.110587175261618431e-01
1.656127002992636987e-01
1.992647755399911402e-01
2.580425746896403139e-01
1.773606878768461681e-01
1.962017576423493170e-01
3.026477486986122178e-01
2.515113467934127489e-01
1.431840154091806872e-01
1.387485604004234374e-01
1.607944117482762447e-01
7.731485928047970857e-02
1.758032750213489037e-01
1.760881346344351228e-01
1.945159360642804425e-01
1.692936522936409061e-01
2.427384574345264334e-01
2.688473511253763326e-01
2.596771939192237810e-01
2.218234840950807918e-01
1.906647952190970441e-01
1.956035596894268314e-01
1.595854220371258625e-01
8.469594314858164275e-02
7.983707591420990957e-02
2.344670178245359671e-01
2.450784209339201825e-01
1.802307294074892430e-01
1.219711743013972838e-01
4.907548706352560242e-02
3.086327847900949828e-01
3.463659171836073192e-01
2.936502128800148048e-01
3.685292144588405150e-01
1.515915213346188117e-01
2.049625545315242048e-01
3.083104807476903519e-01
2.149179919968282060e-01
2.307253996523531137e-01
2.070358017487518021e-01
1.021481569612550516e-01
9.429693789678175730e-02
9.644368058821985168e-02
2.660608898618994078e-01
2.142978463312851245e-01
2.404064584819447792e-01
1.556025519963109283e-01
1.998176630379640550e-01
2.722691585467832409e-01
9.894788282799825418e-02
2.772481842375544916e-02
1.364276563533901310e-01
1.696748745313099160e-01
2.409729875774170305e-01
1.805529895501183923e-01
8.468985430893154198e-02
3.698217344557096498e-01
2.882007356845029955e-01
2.173497355860277702e-01
2.242037601260839508e-01
1.660488814329735274e-01
1.684884094598283755e-01
3.533861092239765078e-01
3.614362679789343002e-01
2.443930647583530957e-01
1.869079199736019270e-01
1.400273111037711182e-01
1.328652454984678988e-01
1.668262655878360867e-01
2.868678363587886526e-01
2.565744366404000276e-01
1.449228288054652813e-01
1.107325552581458761e-01
1.687587017830425862e-01
1.181581894048762543e-01
1.390882604559714741e-01
1.649814097901806664e-01
1.750449042073684014e-01
1.647066828212713496e-01
2.161130679471724159e-01
1.983776034710245662e-01
1.946456219223134665e-01
1.921741148694897650e-01
9.400984170626523750e-02
1.877349445377088366e-01
2.313210569207523881e-01
2.305807208105748740e-01
2.529384259198940166e-01
2.481923591446657529e-01
2.416056658312139283e-01
2.386465937708785734e-01
3.106811412428375219e-01
2.766859060201233844e-01
2.598508986211838234e-01
1.642270608297925760e-01
2.929891288618773348e-01
1.680736459225158075e-01
1.805905573803867625e-01
1.261928260368214150e-01
4.332543361772454582e-01
6.745175672829196722e-01
1.862958226826516295e-01
2.303255155584090774e-01
1.410581698391114858e-01
3.108495639478411343e-01
3.214601518630028076e-01
1.654226883333492215e-01
1.844867830718060486e-01
2.138554669698827793e-01
2.450331408490145912e-01
2.821665494967989241e-01
2.279941316204877610e-01
9.766171695830555555e-02
1.579081059509748475e-01
2.150487314381529791e-01
2.794797709303498134e-01
2.392635375096527073e-01
1.992264323395592229e-01
2.260375719055023602e-01
1.403786436601458520e-01
1.105526209977870378e-01
1.368011153357769349e-01
2.081927642402991718e-01
1.973982570707711603e-01
3.160814428999345060e-01
2.391996555251234835e-01
1.633587160271058603e-01
2.223947292875206871e-01
2.096535980873153737e-01
1.720527697908724729e-01
1.169465027766252718e-01
1.682181532883587627e-01
1.007434248248587488e-01
8.074620237843062320e-02
2.226609952776499590e-01
1.536255339709962087e-01
1.685377652045916552e-01
2.001184392436834159e-01
2.045039504812927456e-01
2.008214921830015209e-01
1.213571388041866650e-01
1.691819491137566689e-01
2.111328001878446659e-01
1.617094899845340772e-01
1.677541550236670009e-01
2.972259632283045794e-01
2.694934369929032347e-01
2.385197718108253429e-01
2.486843992624684085e-01
2.088300058269134118e-01
1.307666425267327015e-01
2.484587518618901203e-01
2.839651161222889186e-01
2.221491297257180697e-01
6.291372980076843924e-02
1.737518541339572176e-01
1.030701086348906059e-01
1.974497516308338918e-01
2.274580019617226667e-01
2.570714538864179444e-01
2.926056663860706064e-01
2.549604640087431706e-01
1.127325230716522131e-01
1.590190208839586672e-01
2.755454763098720283e-01
1.944895836177513160e-01
1.204042752312000364e-01
2.178727970815197978e-01
2.101709569749721229e-01
1.493427138513679087e-01
1.967681297133364871e-01
1.812581601854076907e-01
2.872341743137230008e-01
2.350771147344529466e-01
2.212021881170261328e-01
1.867748059577804265e-01
3.095053216894785852e-01
2.451738257083498906e-01
2.158419236744281433e-01
1.673584436312861856e-01
1.578798863291278332e-01
9.790761230960913497e-02
1.779699106354113158e-01
2.696298279355869854e-01
2.595843144350872267e-01
1.535943720965403658e-01
1.429205727710965435e-01
2.276029824687231806e-01
3.281660120070677977e-01
2.638971251205244894e-01
1.678625679437502072e-01
4.928193979665116548e-02
1.542616485966079309e-01
1.411193487067775865e-01
1.288277285391256910e-01
1.130870219217438299e-01
2.154567982374114010e-01
2.495176209987017280e-01
5.924382691886584396e-02
2.075997508421023319e-01
2.063609819145710567e-01
1.748965924938763461e-01
3.623253536170993605e-02
1.095416987802293740e-01
1.037042735296737905e-01
1.070546261866208992e-01
2.037155446088342869e-01
1.247548129180790916e-01
7.312103828634948510e-02
1.263869961451559720e-01
4.973450524652866384e-02
1.080551296490477459e-01
5.118181065120836100e-03
1.281201771287786284e-01
7.842540594790281538e-02
1.691251816712615041e-01
1.973153943936249155e-01
1.484250395323378768e-01
1.845764754026075205e-01
2.443741059001941218e-01
1.684303526995675759e-01
7.158561972125521145e-02
1.218571562861289342e-01
2.512759185165414078e-01
1.632789165264574016e-01
1.695191315671079890e-01
1.454251404425684902e-01
1.948609408894159956e-01
1.696298891783002971e-01
1.441407543648542677e-01
1.345661621510594874e-01
2.223212558576082298e-01
1.690462520256894308e-01
1.175942261328298821e-01
1.821694893059655485e-01
8.509386263370381787e-02
1.195242005883827008e-01
2.462270460102506109e-01
1.682538354612978793e-01
2.110281079765622958e-01
2.408404499828130929e-01
2.967298757806509646e-01
1.922017008857190845e-01
1.554741587800567981e-01
1.645604121675971199e-01
1.625522581937046407e-01
1.910010357365042877e-01
7.796628725270560167e-02
5.183587240293559967e-02
4.663833049696018695e-02
7.310443606354173618e-02
3.286025812013563391e-02
1.310350796525219796e-01
1.493713678079647833e-01
9.139927428574744217e-02
1.437240330928459264e-01
7.084555803111533545e-02
1.079534757218632290e-01
4.657150629720981788e-02
1.250813308274112967e-01
1.567854450773785990e-01
9.959613537975885167e-02
9.073525687093132730e-02
1.559528713497020103e-01
1.560680735151319665e-01
1.229963536567656446e-01
8.473307668649757152e-02
1.152139993012445823e-01
2.551481459727947959e-02
9.518589039935906881e-02
1.691665267728183764e-01
1.312689062351403702e-01
1.696644554156268581e-01
1.090683725661203279e-01
1.025820907578192664e-01
7.251559936215659641e-02
1.120472716152942083e-01
2.644112083149321446e-01
2.383332617519578756e-01
2.137213759297892368e-01
3.892844786708498650e-01
2.385595608036902016e-01
5.452440672421658696e-02
2.788163130351769547e-01
1.519683605154756034e-01
8.758478069094655094e-02
1.048757474485283864e-01
1.149639404683606425e-01
9.216236168746676227e-02
1.939697033343533994e-01
7.911064397549995297e-02
6.971070785036136142e-02
8.879605573857113354e-02
1.295369960177816526e-01
1.906539012337646888e-01
4.454562857876488008e-02
7.716218897505940089e-02
2.308811358743919906e-01
1.529511416895263376e-01
1.739525213157336880e-01
2.510462391181563224e-01
2.012847622335862952e-01
9.255674202710370557e-02
5.358623130651965494e-02
9.883867442796452629e-02
7.768796918321341227e-02
6.402622213346485791e-02
2.159971172021979413e-01
1.478734231898322371e-01
9.170445397768793583e-02
1.560475403425074237e-01
2.385911952310858786e-01
6.437546125508954165e-02
1.078773342683001790e-01
7.167770184758698315e-02
8.408363334024229752e-02
1.528630436066756582e-01
1.076724921776943955e-01
2.907770298273852638e-02
1.910839684915436043e-01
1.457030075088174281e-01
1.250745429704993583e-01
1.767528228766762910e-01
1.726735094196751585e-01
2.084974261981427657e-01
1.544442611068757298e-01
1.109676849648953412e-01
1.686234800379053378e-01
9.159930442646405102e-02
4.928821292431330436e-02
2.741150636632968401e-02
1.008260355185699730e-01
1.144645461839744610e-01
9.724536298193832418e-02
5.167577575775519211e-02
5.847055048898057439e-02
1.692190667657032408e-03
5.984696885806272543e-02
1.592165732654036159e-01
9.698886630716438417e-02
1.355785346319881568e-01
9.869546483168967210e-02
1.322325985119594816e-01
1.307861047674871435e-01
8.691416908205260028e-02
1.055834664892030123e-01
8.621942925498939092e-02
4.265892773270218291e-02
2.157221807613495523e-01
2.114254201965619362e-01
1.151148600905907704e-01
9.505179717075554202e-02
1.389821479174633279e-01
9.694533695043518196e-02
7.476481556898516290e-02
8.274077836260379515e-02
1.338025291657584936e-01
7.032412880775706920e-02
1.361076426177585952e-01
1.621175016780224132e-01
1.782911370632803416e-01
6.437558749470768948e-02
2.805812802247525245e-02
7.311675222092371695e-02
5.542652489909846020e-02
5.895191649850919230e-02
8.156811002665623200e-02
1.118374913180633506e-01
1.796688249708570106e-01
1.151083503537277952e-01
1.966245121880177693e-01
2.397927109703719140e-01
2.246270730299355922e-01
2.390741170593204887e-02
1.166196168310435072e-01
2.114727705234168698e-01
1.523753833975145522e-01
4.571700427230811214e-02
5.162533703462232615e-02
1.919019957268875603e-03
7.722086614387525805e-02
7.560134891109221433e-02
6.739735756895054442e-02
1.048106805678265807e-01
2.583202772998851038e-01
8.227078780120115897e-02
9.358864270184803769e-02
2.591651466600456907e-02
9.294747617159977715e-02
1.555256327918961567e-01
1.688610251972723630e-01
1.938630697064035735e-01
6.979794027057925621e-02
1.386788562578559203e-01
1.676800782735111961e-01
3.932997422556843564e-02
6.983686232806157745e-02
1.498115706579314643e-01
1.903029224355982651e-01
2.476989060977499435e-01
1.062798602292767958e-01
1.230594215467506192e-01
9.324614049675510052e-02
1.992422868373506795e-01
1.927700278668428163e-02
1.215861944814180945e-01
1.400999286269672683e-01
5.287326680153178748e-03
4.745249630436194910e-02
9.042823400619984242e-02
1.205500889258630248e-01
6.626241493467652233e-02
8.799962283406573271e-02
9.895057114171741663e-02
6.160079989818356694e-02
6.252455443344039077e-02
2.361310645980464057e-02
6.522804186539343796e-02
1.929372289100735050e-01
2.461319744943276933e-01
8.435272425948803221e-02
5.744190301200246401e-02
8.618992557943974675e-02
1.495134552336508382e-01
1.310402697474744027e-01
1.185345727297222873e-01
1.666196971212053624e-01
1.992696465245842596e-01
4.458664321884712317e-02
6.648405011008308441e-02
1.067658473683738007e-01
8.819961095156141073e-02
6.472481204821839418e-02
9.266535970679509737e-02
7.598820895777227968e-02
9.227308315031282349e-02
9.657432967860070383e-02
3.362665150429113708e-02
5.596296120377590444e-02
9.238159100935579293e-02
1.742192189444522754e-01
1.012643058938717117e-01
9.879009243695954789e-02
1.034754902726006398e-01
1.379901574340592352e-01
1.227163954590166361e-01
5.565360059571683449e-02
1.748364445127968680e-01
3.034741333681829911e-02
1.361159216668002270e-01
1.908785373062736879e-01
2.710057892624088693e-01
7.470163126169619694e-02
1.715643381534444345e-01
1.383213815680746916e-01
7.401104039362976783e-02
7.408306066424096004e-02
9.039387306384827347e-02
2.699031977878710853e-01
2.177280341126557328e-01
2.088756158141404085e-01
