-0.000922284 -0.000456478 0.115183 
0.0716565 -0.00170329 0.0687529 
0.0212427 0.0830637 0.0674064 
-0.0572481 0.0522804 0.0677678 
-0.0608088 -0.0559271 0.0719535 
0.0236021 -0.0898782 0.0724173 
0.0642276 -0.0590524 -0.011137 
0.0693107 0.0635726 -0.0138864 
-0.0184505 0.0996753 -0.0169397 
-0.07623 -0.00308664 -0.0149448 
-0.0262182 -0.0939178 -0.0105412 
-0.00121532 -0.00964259 -0.125706 
-0.0349544 -0.0318143 0.101932 
-0.0680894 -0.00151609 0.0749104 
-0.0330423 0.0302116 0.101076 
0.0126415 -0.0524818 0.105325 
-0.0250042 -0.0854913 0.0790731 
0.0399992 -0.00054468 0.101212 
0.0576644 -0.0532249 0.07828 
0.0130996 0.0492106 0.10439 
0.0544132 0.0489894 0.0751308 
-0.0206201 0.0794794 0.0746615 
-0.0448118 0.0820926 0.0329696 
0.00163249 0.0956728 0.034983 
-0.073928 0.0297309 0.0317016 
-0.0704206 0.0614954 -0.023057 
-0.077831 -0.0331552 0.0332071 
-0.0523879 -0.0848284 0.033095 
-0.0610827 -0.0550485 -0.0179266 
-0.00160784 -0.10304 0.0312804 
0.050361 -0.0855335 0.0329997 
0.0245346 -0.0930314 -0.0222042 
0.0814364 -0.0336651 0.0326554 
0.076244 0.030532 0.0309773 
0.0770585 0.00242852 -0.0243898 
0.0444123 0.081986 0.0314899 
0.022689 0.103875 -0.0249488 
-0.0603387 0.00158908 -0.0756006 
-0.0266804 0.0928092 -0.091753 
-0.0214016 -0.0686745 -0.0763954 
0.0496907 -0.0447802 -0.0803325 
0.0616189 0.0509636 -0.088073 
-0.017225 -0.015235 0.111046 
-0.0363557 -0.000719326 0.104637 
-0.0161275 0.0142881 0.112277 
-0.0510502 -0.0461567 0.0880985 
-0.0674987 -0.0307433 0.0744503 
-0.0534876 -0.0166984 0.091128 
-0.0515849 0.0144273 0.0902644 
-0.0632512 0.0280431 0.0718277 
-0.0468496 0.0429458 0.0850193 
0.00485209 -0.025387 0.111529 
-0.0122555 -0.0442618 0.107432 
0.0198173 -0.0759435 0.0911459 
0.00113035 -0.0897949 0.0764389 
-0.006105 -0.071389 0.096195 
-0.03135 -0.0609559 0.0948239 
-0.0472352 -0.0727337 0.0770608 
0.0189814 6.35911e-05 0.111954 
0.0277483 -0.0281775 0.104955 
0.0575251 -0.000959728 0.0852097 
0.0681801 -0.0263486 0.0738908 
0.0492674 -0.0286401 0.0915803 
0.0370977 -0.0553763 0.0949009 
0.0414984 -0.0761337 0.0778665 
0.0059397 0.0234505 0.114978 
0.0277935 0.0257088 0.106957 
0.0179399 0.0705055 0.0861898 
0.0368895 0.0700241 0.0730885 
0.0342238 0.0510186 0.0924584 
0.0481184 0.0250433 0.0916898 
0.063577 0.0231145 0.0726455 
-0.0118396 0.0418042 0.107906 
-0.0415568 0.067213 0.0730126 
-0.0292759 0.0579507 0.0915738 
-0.00480334 0.0681538 0.0918955 
0.00149176 0.0837032 0.0726306 
-0.0548448 0.0686589 0.0506186 
-0.0349268 0.0862107 0.0519351 
-0.0350349 0.0901521 0.00466113 
-0.00618492 0.106832 0.00694646 
-0.0211792 0.0892002 0.0356322 
-0.0112711 0.0964945 0.05151 
0.0123192 0.0952333 0.0501721 
-0.0679208 0.0439786 0.0525675 
-0.0638743 0.0593395 0.0320815 
-0.0791342 0.0136134 0.00768491 
-0.0793018 0.0283145 -0.0180758 
-0.0727627 0.045403 0.00486868 
-0.057492 0.0745034 0.00402435 
-0.0494781 0.0894745 -0.0186753 
-0.0745565 0.0145088 0.0548305 
-0.0713252 -0.046074 0.0553843 
-0.0770403 -0.0182404 0.0564644 
-0.0801368 -0.00180812 0.0326578 
-0.0827988 -0.0177985 0.00845986 
-0.0590311 -0.07164 0.055973 
-0.0681656 -0.0621335 0.0334258 
-0.0405289 -0.0924016 0.00813865 
-0.0449514 -0.0795233 -0.0153809 
-0.0598793 -0.0739324 0.00776581 
-0.0726016 -0.0460377 0.00772907 
-0.077814 -0.0288337 -0.0184194 
-0.0400049 -0.0894928 0.0581487 
0.0135903 -0.0981921 0.0551041 
-0.0143406 -0.0967077 0.0576982 
-0.0277571 -0.0982324 0.0335589 
-0.0145686 -0.100971 0.00892579 
0.0369692 -0.0911798 0.0555355 
0.0259014 -0.0987736 0.0323974 
0.0593153 -0.0744825 0.0089864 
0.0490814 -0.0788025 -0.0181883 
0.039761 -0.0928349 0.00555002 
0.0115873 -0.101324 0.00585772 
-0.00328569 -0.0955352 -0.0179289 
0.0566921 -0.0728264 0.0580117 
0.0794929 -0.0165937 0.0542443 
0.0740863 -0.0454729 0.0572233 
0.0681417 -0.0620852 0.033443 
0.0753892 -0.0477268 0.00820012 
0.0775197 0.013896 0.0524008 
0.0814307 -0.00186687 0.0321692 
0.0730762 0.0466931 0.00656836 
0.0795509 0.0347351 -0.0212123 
0.0785398 0.0161408 0.00530297 
0.0835753 -0.0175226 0.00504147 
0.0746359 -0.0331953 -0.0188935 
0.0684871 0.0419889 0.054585 
0.0339214 0.0868344 0.0507549 
0.0527931 0.0677665 0.0535644 
0.0634482 0.0592243 0.0326227 
0.056635 0.0727483 0.00483299 
0.0181355 0.0886855 0.0354249 
-0.00405116 0.113963 -0.0183681 
0.00811365 0.110313 0.00588041 
0.0345325 0.0878959 0.00147002 
0.0548235 0.0856141 -0.0187143 
-0.0544739 0.0729913 -0.0559378 
-0.0218679 0.0968641 -0.0459306 
-0.07482 0.0004386 -0.0371567 
-0.0712923 0.0394174 -0.0528154 
-0.055107 0.044583 -0.0956255 
-0.0481785 -0.0050584 -0.11821 
-0.0193482 0.0455343 -0.120128 
-0.0588807 -0.0305199 -0.0439217 
-0.0244179 -0.0825714 -0.0366829 
-0.0449985 -0.0638197 -0.0473511 
-0.0424004 -0.0417651 -0.0871257 
-0.0203961 -0.0622651 -0.118638 
0.00535151 -0.0808472 -0.0465572 
0.0560876 -0.0529434 -0.0384612 
0.0376916 -0.073698 -0.0496235 
0.0185122 -0.0643846 -0.0914006 
0.0473367 -0.0454957 -0.121841 
0.0671869 -0.0171167 -0.0497251 
0.0712331 0.0601465 -0.0449878 
0.0780899 0.0225008 -0.0548303 
0.0601304 -0.00142675 -0.0969389 
0.0414766 0.0256548 -0.125033 
0.0417966 0.0858032 -0.0614754 
0.00755153 0.108483 -0.06304 
0.02679 0.0884522 -0.105724 
-0.00879658 -0.00768834 0.11375 
-0.0165319 -0.000242263 0.112712 
-0.00884475 0.00694986 0.114689 
-0.0260444 -0.0241326 0.106818 
-0.0354329 -0.0153358 0.103955 
-0.0273687 -0.00777317 0.108757 
-0.0267901 0.00693107 0.108936 
-0.0343029 0.0136881 0.103808 
-0.0246146 0.0228242 0.107431 
-0.04328 -0.0389506 0.0959763 
-0.0523902 -0.0318995 0.0902184 
-0.0451897 -0.0251114 0.0967796 
-0.0569718 -0.0522757 0.080094 
-0.0642934 -0.0443327 0.073725 
-0.0590566 -0.0401524 0.0815151 
-0.0606335 -0.0240132 0.0834371 
-0.0687321 -0.0156725 0.0750993 
-0.0616082 -0.00967389 0.0837157 
-0.0446398 0.00631296 0.0981994 
-0.0433576 0.0228375 0.0956694 
-0.0452784 -0.00837223 0.0984611 
-0.0535956 -0.00112689 0.0914382 
-0.060328 0.00704646 0.0830448 
-0.0493144 0.0292705 0.0880795 
-0.0402914 0.0369482 0.0938064 
-0.0659138 0.0123733 0.0739274 
-0.057402 0.0213024 0.0815314 
-0.0553223 0.0368598 0.0783937 
-0.0605821 0.0414289 0.070091 
-0.0529343 0.0485394 0.0760644 
0.00186367 -0.0118098 0.113348 
-0.00603406 -0.0198519 0.112594 
0.00850697 -0.0395649 0.109053 
-0.000314554 -0.0482745 0.108195 
-0.00340396 -0.0352584 0.110855 
-0.0148366 -0.0301039 0.109622 
-0.023249 -0.0381753 0.105502 
0.0165668 -0.0643604 0.100007 
0.0069533 -0.0745869 0.0945418 
0.0035859 -0.0632609 0.102288 
0.0221446 -0.0841615 0.0815494 
0.0130357 -0.0903022 0.0744721 
0.0109867 -0.0840073 0.0839518 
-0.00230887 -0.082 0.0869602 
-0.0120132 -0.0888716 0.0779688 
-0.0150763 -0.0792105 0.0883159 
-0.0215882 -0.0531052 0.101947 
-0.0337378 -0.0472307 0.0988854 
-0.00942947 -0.0583316 0.103313 
-0.0193396 -0.0666156 0.096551 
-0.0296533 -0.0735886 0.0884855 
-0.0419397 -0.0540026 0.09197 
-0.0374631 -0.0800716 0.0788547 
-0.0399603 -0.0674263 0.0868466 
-0.0504788 -0.0596052 0.0832734 
-0.0546803 -0.0644444 0.0748715 
0.00891915 -0.000355785 0.114413 
0.0119932 -0.0116079 0.112106 
0.0296992 -0.000501648 0.107172 
0.033289 -0.0145023 0.10362 
0.0234637 -0.0140797 0.108426 
0.0165089 -0.0270444 0.109125 
0.0202746 -0.0402365 0.105974 
0.0485114 -0.000691851 0.094093 
0.0539392 -0.0146677 0.0885162 
0.0449212 -0.0150697 0.0959352 
0.0653966 -0.00152655 0.0767956 
0.0706691 -0.013493 0.0715227 
0.0637695 -0.0131387 0.079445 
0.0590152 -0.0276983 0.0830733 
0.0637675 -0.0405743 0.0762305 
0.0543637 -0.040826 0.0856477 
0.0327683 -0.0420529 0.10074 
0.0247369 -0.0551551 0.100588 
0.0391776 -0.0289812 0.0990438 
0.0440733 -0.0425721 0.0939664 
0.0476406 -0.0557495 0.0872597 
0.029056 -0.0661484 0.0942424 
0.0505339 -0.0648505 0.0790404 
0.0404007 -0.066359 0.087382 
0.031137 -0.0776922 0.0846269 
0.0325818 -0.0842811 0.0754287 
0.00244456 0.0112295 0.115655 
0.0124279 0.0111461 0.114652 
0.0098569 0.0375092 0.11123 
0.0208364 0.0375438 0.107407 
0.0174432 0.0249763 0.112008 
0.0233388 0.0127586 0.110493 
0.0341441 0.0126082 0.105108 
0.0157505 0.0600706 0.0960327 
0.0267272 0.0615035 0.0899969 
0.024477 0.0512578 0.0987414 
0.0195319 0.077219 0.0769792 
0.0291701 0.0768633 0.0709093 
0.0279052 0.071683 0.07961 
0.0365985 0.0615421 0.0830242 
0.0463875 0.0601474 0.0746318 
0.0444297 0.0509296 0.0841801 
0.0387989 0.0257078 0.0999767 
0.0453391 0.0123507 0.0971779 
0.031851 0.0385793 0.10089 
0.0416473 0.0383827 0.0930491 
0.0520094 0.0368145 0.0838192 
0.0529148 0.0120552 0.0893048 
0.0591238 0.0369723 0.074498 
0.0562949 0.0246007 0.0823836 
0.0613952 0.0107554 0.0790716 
0.0682252 0.0104908 0.0705189 
-0.00602038 0.0183973 0.114948 
-0.0218549 0.0363338 0.10558 
-0.0138621 0.0288388 0.111292 
-0.0034846 0.0336036 0.113222 
-2.746e-05 0.0464705 0.107662 
-0.0379367 0.0509207 0.089144 
-0.0318343 0.0447279 0.0970636 
-0.0501801 0.0600097 0.0703142 
-0.0455259 0.0565189 0.0788413 
-0.035835 0.0643196 0.0824433 
-0.0317841 0.0740044 0.074835 
-0.0268045 0.0703292 0.0837906 
-0.0081678 0.0551043 0.100771 
0.00397393 0.0599521 0.09869 
-0.0204487 0.0497141 0.100394 
-0.0175087 0.0636292 0.0925789 
-0.012888 0.0753295 0.0836997 
0.00714948 0.0703319 0.0899591 
-0.00955541 0.0825767 0.0740107 
-0.00140055 0.0778477 0.0823657 
0.0105817 0.0784634 0.0794669 
0.0120403 0.0838278 0.0703816 
-0.056376 0.0596194 0.0607632 
-0.0485523 0.0672014 0.0628965 
-0.051515 0.0766903 0.0412036 
-0.0416351 0.0851612 0.0428761 
-0.0458398 0.0782098 0.0513768 
-0.0380929 0.0762276 0.0635905 
-0.0281377 0.0831648 0.0633981 
-0.0385662 0.0850215 0.0202142 
-0.0279488 0.0878443 0.0204054 
-0.0340797 0.0879318 0.0324777 
-0.028662 0.0935545 -0.00552337 
-0.0122926 0.105581 -0.00509802 
-0.0159203 0.0947311 0.00377831 
-0.00911429 0.0930139 0.0174435 
-0.000829377 0.102418 0.0186696 
-0.00775662 0.091981 0.0358279 
-0.0236821 0.0928021 0.0518884 
-0.0160059 0.089595 0.0624706 
-0.0278511 0.0909801 0.0446132 
-0.0157689 0.0941188 0.0466491 
-0.00485414 0.0958579 0.0464442 
-0.00466618 0.0910326 0.0618973 
0.00541757 0.0959026 0.0441012 
0.000251868 0.0959504 0.0514129 
0.00758276 0.0904758 0.0611803 
0.0173391 0.0908537 0.0585451 
-0.0630096 0.048647 0.060896 
-0.0622751 0.0565099 0.0526107 
-0.0711293 0.0372534 0.0429812 
-0.0697837 0.045649 0.0320342 
-0.0664389 0.0520059 0.0425618 
-0.0603845 0.064721 0.0416678 
-0.0553318 0.0711892 0.033482 
-0.0768142 0.022306 0.0199625 
-0.0762792 0.029754 0.00693506 
-0.074196 0.0370416 0.0181415 
-0.0789312 0.00533899 -0.0021543 
-0.078435 0.0135323 -0.0170257 
-0.0789117 0.0198696 -0.00685537 
-0.0764997 0.0373677 -0.00798586 
-0.076339 0.0451374 -0.0221887 
-0.0721605 0.0534105 -0.00867547 
-0.0598714 0.0647588 0.019742 
-0.0484196 0.0761339 0.0203274 
-0.0688883 0.0520478 0.0188654 
-0.066962 0.0610442 0.00406015 
-0.0646661 0.07084 -0.00789447 
-0.0465613 0.0839771 0.00388622 
-0.0617886 0.0767722 -0.0206186 
-0.0553694 0.0833625 -0.00669174 
-0.0415222 0.0920283 -0.00572858 
-0.0347149 0.0942189 -0.0170289 
-0.0663935 0.0371302 0.0629363 
-0.0720901 0.00686266 0.0652 
-0.0699636 0.0216086 0.0636552 
-0.0716333 0.0297633 0.0538097 
-0.0746901 0.0225681 0.0445822 
-0.0737937 -0.0245116 0.0658742 
-0.0734682 -0.0103672 0.0662493 
-0.0662946 -0.051319 0.064609 
-0.0703191 -0.0395412 0.0658942 
-0.0754477 -0.0323157 0.0561171 
-0.0752295 -0.0396307 0.0445581 
-0.0779317 -0.0261725 0.0460894 
-0.0782282 0.00627223 0.0441362 
-0.0776843 0.0130497 0.0319979 
-0.0766029 -0.0017382 0.0556091 
-0.0792116 -0.00977287 0.0449132 
-0.0803291 -0.0172868 0.0322852 
-0.0799121 0.00534118 0.0200753 
-0.0807881 -0.0255952 0.0209576 
-0.0820777 -0.00980246 0.0200939 
-0.0814731 -0.00265029 0.0072008 
-0.0800044 -0.0121267 -0.00163126 
-0.0601304 -0.0641701 0.0647953 
-0.0655843 -0.0593766 0.0566017 
-0.0565475 -0.0789262 0.0451068 
-0.0619937 -0.0741687 0.0336737 
-0.0646287 -0.0672634 0.0449304 
-0.0701989 -0.0545096 0.0447078 
-0.073145 -0.0480911 0.034075 
-0.0468828 -0.0892306 0.0206822 
-0.051246 -0.084471 0.00784358 
-0.0569741 -0.0803696 0.0200955 
-0.033307 -0.0940167 -0.00196446 
-0.0354458 -0.0879408 -0.0130969 
-0.0426342 -0.0876593 -0.00365446 
-0.0531398 -0.0775938 -0.0040246 
-0.0543101 -0.0679034 -0.0174488 
-0.0609773 -0.06575 -0.00481407 
-0.0705557 -0.0547157 0.0206892 
-0.0757405 -0.0392242 0.0204721 
-0.0651578 -0.0684411 0.0207857 
-0.067383 -0.0603417 0.00762025 
-0.0686109 -0.0502226 -0.00443877 
-0.0793427 -0.0316046 0.00753766 
-0.0694268 -0.0399296 -0.0181182 
-0.0758584 -0.0371865 -0.0054033 
-0.080988 -0.0232359 -0.005102 
-0.0782509 -0.0169725 -0.0182776 
-0.0537878 -0.0725963 0.0674179 
-0.0336757 -0.0886191 0.0688255 
-0.0449493 -0.0821795 0.0685312 
-0.0506704 -0.0815011 0.0579483 
-0.046206 -0.0878452 0.0466763 
-0.00685175 -0.0942328 0.0675064 
-0.0189944 -0.0929704 0.0684801 
0.018629 -0.0955098 0.0636044 
0.00762762 -0.0946497 0.0662347 
-0.000627903 -0.0970807 0.056932 
0.00679064 -0.100086 0.0437417 
-0.00820697 -0.100188 0.0448633 
-0.0344032 -0.094591 0.0459871 
-0.0399509 -0.0929155 0.032894 
-0.027513 -0.0945494 0.057918 
-0.0220099 -0.0990946 0.0450035 
-0.0159077 -0.102047 0.0318988 
-0.0340632 -0.0957408 0.0210753 
-0.00814074 -0.102987 0.0208742 
-0.0209047 -0.100566 0.0212174 
-0.0275385 -0.0977588 0.00771554 
-0.0210848 -0.0983144 -0.00222818 
0.0298339 -0.0914815 0.0646006 
0.0246536 -0.0965204 0.0558187 
0.0440799 -0.0888509 0.0448645 
0.0378398 -0.0939448 0.032937 
0.0313604 -0.0960496 0.0444566 
0.0199929 -0.0994274 0.0441294 
0.0138605 -0.101368 0.0323024 
0.05558 -0.0807408 0.0214607 
0.0510117 -0.0846573 0.00707611 
0.045527 -0.0897323 0.018885 
0.062351 -0.0673512 -0.0024704 
0.0566158 -0.0696492 -0.0146275 
0.0555028 -0.0769492 -0.00517853 
0.045659 -0.0869114 -0.006957 
0.0381896 -0.0870432 -0.0211051 
0.0333497 -0.093856 -0.00839578 
0.0190936 -0.100736 0.0190013 
0.0044191 -0.102739 0.0189668 
0.032687 -0.0967767 0.0188463 
0.0259019 -0.098704 0.00502704 
0.0177503 -0.0991694 -0.0087729 
-0.00207039 -0.101585 0.00782808 
0.0108791 -0.0956329 -0.0206962 
0.00458917 -0.0996535 -0.00667729 
-0.0105141 -0.0987418 -0.00427532 
-0.0166988 -0.0951558 -0.0142295 
0.0396018 -0.0849872 0.0673812 
0.0573082 -0.0640323 0.0692321 
0.0501727 -0.0750629 0.0684958 
0.0483178 -0.0833319 0.0568297 
0.0544261 -0.0803012 0.0467094 
0.0727089 -0.0364233 0.0661907 
0.0671034 -0.0488426 0.0682513 
0.076524 -0.00929781 0.0619359 
0.0754195 -0.0209924 0.0644892 
0.0777876 -0.0316333 0.0562362 
0.0810419 -0.0255238 0.044017 
0.0785478 -0.0402271 0.0460547 
0.0632001 -0.0680514 0.0459268 
0.0606578 -0.074677 0.0332372 
0.0653882 -0.0590325 0.0578165 
0.0721461 -0.053491 0.0458202 
0.076086 -0.0484369 0.0326356 
0.0642243 -0.0687132 0.0218383 
0.0794885 -0.0409815 0.0203623 
0.0721752 -0.0548541 0.0211835 
0.0672817 -0.0613054 0.00803103 
0.0703908 -0.0538227 -0.00285676 
0.075241 0.00567108 0.0612262 
0.0793791 -0.00177986 0.0538556 
0.0770243 0.0224959 0.042911 
0.0788216 0.0139164 0.0324591 
0.0800797 0.00632045 0.0431734 
0.0817862 -0.00912796 0.0432774 
0.0829057 -0.0171678 0.0321109 
0.0765752 0.0382468 0.0187312 
0.0769027 0.0320983 0.00701925 
0.0785697 0.0245208 0.0171454 
0.0707943 0.0558197 -0.00488912 
0.0744005 0.0493101 -0.0190096 
0.0741997 0.0430193 -0.00753091 
0.0780006 0.025854 -0.00959356 
0.0809494 0.0189667 -0.0233921 
0.0787746 0.0103017 -0.0104814 
0.0833633 -0.00963166 0.0182121 
0.0833174 -0.0261706 0.0182768 
0.0802804 0.00638789 0.0181144 
0.0820166 -0.00134633 0.00439905 
0.0798463 -0.00985337 -0.00724379 
0.0809506 -0.0335875 0.00664263 
0.0753237 -0.017156 -0.0210463 
0.0795104 -0.0256086 -0.00662295 
0.0756722 -0.041943 -0.00553349 
0.0700595 -0.0466669 -0.0150327 
0.0720404 0.0177448 0.0626241 
0.0620476 0.0454981 0.0654859 
0.0670959 0.0328089 0.0638146 
0.0739443 0.0284793 0.0530675 
0.072837 0.0364458 0.0443631 
0.0448476 0.0690597 0.0640717 
0.0537619 0.0590533 0.0653868 
0.0277802 0.0865818 0.0584927 
0.0347002 0.0793198 0.0619274 
0.0434587 0.0784571 0.0521081 
0.0391948 0.0848387 0.0425886 
0.0502189 0.0763088 0.0431472 
0.0670503 0.0513838 0.04358 
0.0709881 0.0459862 0.0311998 
0.0616693 0.055593 0.0545375 
0.0596737 0.0645171 0.0428329 
0.0546234 0.0714106 0.0321922 
0.0682849 0.0526176 0.0199132 
0.0481804 0.0770934 0.0212088 
0.0580844 0.0646871 0.0216884 
0.0652028 0.0611858 0.00439625 
0.064851 0.0694153 -0.00463994 
0.0230326 0.0923949 0.0510939 
0.0070409 0.0945094 0.036266 
0.0153685 0.0936006 0.0458719 
0.0268724 0.0897537 0.0455789 
0.0326197 0.0853018 0.0340329 
-3.04403e-05 0.112049 0.00909189 
0.00255119 0.104377 0.0186463 
-0.0105925 0.107827 -0.0193524 
-0.00638953 0.112398 -0.00378633 
0.0045306 0.117313 -0.0026362 
0.0127799 0.112329 -0.0210136 
0.0136055 0.11014 -0.00814654 
0.0224429 0.0875325 0.0150931 
0.0398156 0.083148 0.0179132 
0.0101346 0.0983716 0.017303 
0.0177177 0.0997788 0.0030477 
0.0271985 0.0971729 -0.0107349 
0.0468434 0.0823674 0.00384136 
0.0375417 0.0936099 -0.0238282 
0.0447414 0.0883293 -0.00815655 
0.0572816 0.080101 -0.00637069 
0.0644387 0.0747116 -0.0170278 
-0.0366867 0.0923921 -0.0312041 
-0.0208134 0.100121 -0.028411 
-0.0657779 0.068208 -0.0386017 
-0.0524103 0.0810067 -0.036034 
-0.0368179 0.0848578 -0.0531892 
-0.0397835 0.0817204 -0.0754476 
-0.0230892 0.0956602 -0.0703032 
-0.0758698 0.0346914 -0.0335458 
-0.0747272 0.0500906 -0.0390586 
-0.0775784 -0.00246237 -0.0257697 
-0.0780051 0.0147917 -0.0281428 
-0.070655 0.0200123 -0.0458382 
-0.0664319 0.00260727 -0.0548852 
-0.0666408 0.0213311 -0.064886 
-0.0565146 0.0624598 -0.0767439 
-0.0433756 0.0693867 -0.0970138 
-0.0692807 0.0568592 -0.0563675 
-0.0653278 0.0409984 -0.0731929 
-0.0599271 0.0214634 -0.0884812 
-0.0445691 0.048458 -0.112575 
-0.027849 0.0765006 -0.110369 
-0.0541322 -0.00025288 -0.100058 
-0.0522802 0.0226713 -0.109338 
-0.0363382 0.0195076 -0.124647 
-0.0275706 -0.0078261 -0.127692 
-0.0098049 0.0165417 -0.125177 
-0.078599 -0.0147509 -0.0288679 
-0.0609448 -0.0432246 -0.0316075 
-0.0708215 -0.0282533 -0.0297785 
-0.0697857 -0.0144541 -0.0405295 
-0.0590221 -0.0136212 -0.0591322 
-0.0452541 -0.0718531 -0.0315084 
-0.05353 -0.0598058 -0.0331848 
-0.0256553 -0.0888863 -0.022025 
-0.0351454 -0.0823614 -0.0264522 
-0.03609 -0.0750746 -0.0431125 
-0.0224284 -0.0756328 -0.0543755 
-0.0349343 -0.0673964 -0.060407 
-0.0475643 -0.0338511 -0.0642499 
-0.0499435 -0.0184184 -0.0839569 
-0.0516761 -0.0484156 -0.0470485 
-0.0413896 -0.0531163 -0.0653467 
-0.0343427 -0.0581195 -0.0850581 
-0.0452491 -0.0263506 -0.108285 
-0.0215725 -0.0655177 -0.100813 
-0.0362911 -0.0519376 -0.107037 
-0.0381033 -0.0348477 -0.122442 
-0.0110033 -0.038012 -0.127471 
-0.0146 -0.0900646 -0.0266239 
0.0151026 -0.0883758 -0.0348098 
0.00109595 -0.0893035 -0.0313178 
-0.0108463 -0.0820802 -0.0426032 
-0.0076582 -0.0739786 -0.0604765 
0.0442213 -0.0767393 -0.033841 
0.0318738 -0.0840626 -0.0361538 
0.0599332 -0.0563774 -0.0238862 
0.0533594 -0.0668386 -0.0286192 
0.0482743 -0.0644386 -0.0452819 
0.0498155 -0.0474525 -0.0569773 
0.0416489 -0.0589629 -0.0645985 
0.0101677 -0.0688201 -0.0670262 
-0.00314023 -0.0668772 -0.0866361 
0.0214624 -0.0787686 -0.0502378 
0.0272473 -0.0651919 -0.0684594 
0.0373866 -0.0580827 -0.0899102 
0.00356831 -0.0659393 -0.109589 
0.0512189 -0.0467563 -0.105459 
0.0326941 -0.0610196 -0.109985 
0.014318 -0.0587341 -0.124339 
0.0225712 -0.0285845 -0.127471 
0.0668773 -0.0423265 -0.0278087 
0.0743345 -0.00886312 -0.0381768 
0.0711276 -0.0261172 -0.0332608 
0.0607969 -0.0356349 -0.0437399 
0.0546962 -0.0293377 -0.0650246 
0.0816729 0.0299845 -0.0363189 
0.0796099 0.0122423 -0.0391589 
0.0700096 0.0625299 -0.028471 
0.0767866 0.0481575 -0.032491 
0.0770031 0.0437058 -0.0509621 
0.0688198 0.0566655 -0.064625 
0.0720449 0.0371625 -0.0706044 
0.0609879 -0.00902138 -0.0722356 
0.0561571 -0.0261117 -0.0915512 
0.0736272 0.00139784 -0.054379 
0.0677834 0.0132018 -0.0741706 
0.0620917 0.0254128 -0.0960679 
0.0572124 -0.0227508 -0.11236 
0.0550173 0.0417987 -0.109361 
0.056943 0.0104589 -0.114318 
0.0460483 -0.0087241 -0.126894 
0.0211129 0.00748643 -0.126703 
0.0647216 0.074129 -0.032298 
0.0324694 0.095582 -0.0437094 
0.0492708 0.0848003 -0.0384674 
0.0600684 0.0727792 -0.0534242 
0.0536742 0.0719263 -0.0756933 
0.0021578 0.1097 -0.0401027 
0.0162146 0.106229 -0.0432063 
-0.0132576 0.105665 -0.0338063 
-0.0106849 0.10519 -0.0577098 
-0.00922974 0.106755 -0.0802619 
0.0349451 0.0896785 -0.0852866 
0.0461128 0.069632 -0.0996267 
0.0240832 0.101195 -0.0654798 
0.0145295 0.106405 -0.08538 
-0.0049712 0.0989945 -0.10406 
0.035326 0.0573399 -0.117336 
0.0037263 0.07126 -0.115847 
0.0135767 0.034981 -0.122863 
