2.718309652245341746e-04 3.940788970979855477e-01 0.000000000000000000e+00
2.409435260789688266e-04 4.467651586873686576e-01 0.000000000000000000e+00
2.797554713157800990e-04 4.771861191320403428e-01 0.000000000000000000e+00
3.091360367823103817e-04 5.044707199387907792e-01 0.000000000000000000e+00
3.263299822311848276e-04 5.181169658330850858e-01 0.000000000000000000e+00
3.391093281582776599e-04 5.232461707353087688e-01 0.000000000000000000e+00
3.580117024194707717e-04 5.671622381359044951e-01 0.000000000000000000e+00
1.523847151807916763e-03 2.855031149456194406e+00 1.000000000000000000e+00
2.619364762035361355e-03 5.011935784252660397e+00 1.000000000000000000e+00
3.187002114564199250e-03 6.151614486382374736e+00 1.000000000000000000e+00
4.549940207868172909e-03 8.466101542828916138e+00 1.000000000000000000e+00
6.212030461550943627e-03 1.143314863833608364e+01 1.000000000000000000e+00
6.317309199487869918e-03 1.135194148646023748e+01 1.000000000000000000e+00
5.056645395210159107e-03 8.981335705281601633e+00 1.000000000000000000e+00
