0.000000000000000000e+00 -9.465132664943365359e-03 -2.516971371962828385e-02 2.814829945981256465e-02 -8.143993171950969501e-04 -1.104550829640643661e-02 5.357217882243414664e-02 9.995732169361559727e-01 1.040669891770769351e-03 0.000000000000000000e+00
1.000000000000000000e+00 -1.011438191612007431e-02 -2.462177214411498394e-02 2.835291981597154454e-02 -8.164464744309790634e-04 -1.099124194035544511e-02 5.360505235675994129e-02 9.995606192802242163e-01 1.028613922837047501e-03 0.000000000000000000e+00
2.000000000000000000e+00 -1.020444767922568108e-02 -2.465757841762450386e-02 2.888865283466435230e-02 -8.011202609814818687e-04 -1.099561434625084821e-02 5.365586412305445307e-02 9.995587638115210893e-01 1.053098365883069210e-03 0.000000000000000000e+00
3.000000000000000000e+00 -1.091980563234562496e-02 -2.473098387231309481e-02 2.930135424025426261e-02 -8.459236884995544048e-04 -1.098260088832764270e-02 5.371768663125831011e-02 9.995586661552735563e-01 1.047573730707691830e-03 0.000000000000000000e+00
4.000000000000000000e+00 -1.107672014864530263e-02 -2.465377134984958474e-02 2.936248399945218246e-02 -8.466688895915688851e-04 -1.098394976524669220e-02 5.373791368152858183e-02 9.995598380302439523e-01 1.049448272896665035e-03 0.000000000000000000e+00
5.000000000000000000e+00 -1.130136461318514973e-02 -2.473015684596679975e-02 2.945153734192906825e-02 -8.570025227533709100e-04 -1.099810458056293960e-02 5.374465806612382934e-02 9.995571036553130284e-01 1.044759056401355080e-03 0.000000000000000000e+00
6.000000000000000000e+00 -1.188615463747461076e-02 -2.362798554812639562e-02 2.821201405781237348e-02 -7.705963416933768462e-04 -1.090885058501495086e-02 5.379337022309638172e-02 9.995616934989470792e-01 1.038100597859845098e-03 0.000000000000000000e+00
7.000000000000000000e+00 -1.840716201058190116e-02 -8.220877630457923413e-03 1.343122677251507024e-02 2.731259515429459300e-04 -1.012094472113006516e-02 5.420019394328789986e-02 9.995741934986313026e-01 1.144134397213676657e-03 0.000000000000000000e+00
7.370000000000000107e+00 -2.289480685571054774e-02 3.902196022638054762e-03 -8.878136410546064172e-04 1.222398154849604901e-03 -9.685246032185568232e-03 5.456677718598035298e-02 9.995911856857020439e-01 1.339865078456847769e-03 0.000000000000000000e+00
7.900000000000000355e+00 -2.491721891399512057e-02 1.013295109900058666e-02 -8.590175411656020277e-03 1.713117365475455567e-03 -9.442011022461060943e-03 5.473276839272456229e-02 9.996031974041486023e-01 1.473185597397237701e-03 0.000000000000000000e+00
8.000000000000000000e+00 -2.719215934724794614e-02 2.255112858070118520e-02 -2.492535490011771326e-02 3.002705116711204547e-03 -9.096541365661015011e-03 5.512402204495003843e-02 9.994250724086484183e-01 1.728167108747610814e-03 0.000000000000000000e+00
8.380000000000000782e+00 -2.973667222242126762e-02 3.993336996287788487e-02 -4.429939158109852393e-02 4.856057998053192604e-03 -9.353742744661608377e-03 5.537197736095178513e-02 9.995532950616592416e-01 1.806886818062694577e-03 0.000000000000000000e+00
9.000000000000000000e+00 -3.038920211316353814e-02 3.923798729001504171e-02 -4.377928051025326006e-02 4.939286679422338899e-03 -9.351892616534518421e-03 5.546241925319828070e-02 9.995730216236609067e-01 1.822983314238094121e-03 0.000000000000000000e+00
1.000000000000000000e+01 -3.287186806607111933e-02 2.061471658127922435e-02 -3.096261518461540518e-02 3.339618979965180978e-03 -9.089050826299460706e-03 5.567195293931126443e-02 9.994759513136131091e-01 1.362067665023648788e-03 0.000000000000000000e+00
